version https://git-lfs.github.com/spec/v1
oid sha256:4136eb79df64424121b125af71a86d2be2777d693d1013dfd68e38e07421ce32
size 53130
