BaselineInfo:
  WebDBID: -1
  TimeStamp: 20241210112345
Version:
  Major: 11
  Minor: 0
  Build: 1002
  SpecialBuildName: ""
  ptArchitecture: x86_64_linux
Results:
  Results Complete: true
  NumTestProcesses: 1
  CPU_INTEGER_MATH: 4409.5969999999998
  CPU_FLOATINGPOINT_MATH: 3643.7609489873471
  CPU_PRIME: 9.3001525632016069
  CPU_SORTING: 2667.6381778753212
  CPU_ENCRYPTION: 563.6781173265075
  CPU_COMPRESSION: 22038.056181436856
  CPU_SINGLETHREAD: 2229.4450216100086
  CPU_PHYSICS: 150.57348020268932
  CPU_MATRIX_MULT_SSE: 1634.9650791463944
  CPU_mm: 203.85293504591542
  CPU_sse: 791.38632014336463
  CPU_fma: 2455.9649158832017
  CPU_avx: 1657.5440014126164
  CPU_avx512: 0
  m_CPU_enc_SHA: 304940163.90058553
  m_CPU_enc_AES: 1201754350.0908687
  m_CPU_enc_ECDSA: 266483522.66982561
  ME_ALLOC_S: 811.1520591298721
  ME_READ_S: 22949.327441406251
  ME_READ_L: 11756.2041015625
  ME_WRITE: 5739.1611328125
  ME_LARGE: 1551.9749999999999
  ME_LATENCY: 54.238284510239765
  ME_THREADED: 13988.630126953125
  SUMM_CPU: 1758.6991544896773
  SUMM_ME: 1319.1934525066717
SystemInformation:
  OSName: Ubuntu 22.04.4 LTS
  Kernel: 5.15.0-125-generic
  Device: ""
  Processor: Intel Core i3-6100 CPU @ 3.70GHz
  NumSockets: 1
  Manufacturer: GenuineIntel
  NumCores: 2
  NumLogicals: 4
  CPUFrequency: 3700
  Memory: 7800
  MemModuleInfo:
    iNumMemSticks: 4
    DIMM 1:
      manufacturer: 802C0000802C
      modulePartNo: "8ATF1G64AZ-2G3H1    "
      memType: DDR4
      size: 8
      clkspeed: 1200
      moduleVoltage: 1.20000005
    DIMM 2:
      manufacturer: Not Specified
      modulePartNo: Not Specified
      memType: Unknown
      size: 0
      clkspeed: 0
      moduleVoltage: 0
    DIMM 3:
      manufacturer: Not Specified
      modulePartNo: Not Specified
      memType: Unknown
      size: 0
      clkspeed: 0
      moduleVoltage: 0
    DIMM 4:
      manufacturer: Not Specified
      modulePartNo: Not Specified
      memType: Unknown
      size: 0
      clkspeed: 0
      moduleVoltage: 0
Checksum: 0B6840E22668006D2D736E690D64E06949185D1D