version https://git-lfs.github.com/spec/v1
oid sha256:ee92505dcbad6cbe5e4f6e94481e609b0760aab7c12a2a6570c8882fbff92de8
size 269
