BaselineInfo:
  WebDBID: -1
  TimeStamp: 20241213130839
Version:
  Major: 11
  Minor: 0
  Build: 1002
  SpecialBuildName: ""
  ptArchitecture: x86_64_linux
Results:
  Results Complete: true
  NumTestProcesses: 1
  CPU_INTEGER_MATH: 4454.6394
  CPU_FLOATINGPOINT_MATH: 3730.3786688771897
  CPU_PRIME: 10.18634365034114
  CPU_SORTING: 2762.5783553906817
  CPU_ENCRYPTION: 573.51182250971749
  CPU_COMPRESSION: 22518.153061376492
  CPU_SINGLETHREAD: 2285.8132437283521
  CPU_PHYSICS: 160.05926744026246
  CPU_MATRIX_MULT_SSE: 1682.203177008528
  CPU_mm: 211.5949223566482
  CPU_sse: 815.03081810240371
  CPU_fma: 2528.3477417457202
  CPU_avx: 1703.2309711774606
  CPU_avx512: 0
  m_CPU_enc_SHA: 313922157.54340869
  m_CPU_enc_AES: 1214532643.6845722
  m_CPU_enc_ECDSA: 275657397.17186761
  ME_ALLOC_S: 839.67322364905488
  ME_READ_S: 24054.0615234375
  ME_READ_L: 12166.4150390625
  ME_WRITE: 5937.89501953125
  ME_LARGE: 1540.925
  ME_LATENCY: 57.417831611785488
  ME_THREADED: 14279.898681640625
  SUMM_CPU: 1804.1344506565792
  SUMM_ME: 1323.0265526897281
SystemInformation:
  OSName: Ubuntu 22.04.4 LTS
  Kernel: 5.15.0-125-generic
  Device: ""
  Processor: Intel Core i3-6100 CPU @ 3.70GHz
  NumSockets: 1
  Manufacturer: GenuineIntel
  NumCores: 2
  NumLogicals: 4
  CPUFrequency: 3700
  Memory: 7800
  MemModuleInfo:
    iNumMemSticks: 4
    DIMM 1:
      manufacturer: 802C0000802C
      modulePartNo: "8ATF1G64AZ-2G3H1    "
      memType: DDR4
      size: 8
      clkspeed: 1200
      moduleVoltage: 1.20000005
    DIMM 2:
      manufacturer: Not Specified
      modulePartNo: Not Specified
      memType: Unknown
      size: 0
      clkspeed: 0
      moduleVoltage: 0
    DIMM 3:
      manufacturer: Not Specified
      modulePartNo: Not Specified
      memType: Unknown
      size: 0
      clkspeed: 0
      moduleVoltage: 0
    DIMM 4:
      manufacturer: Not Specified
      modulePartNo: Not Specified
      memType: Unknown
      size: 0
      clkspeed: 0
      moduleVoltage: 0
Checksum: 80A9A79FA6B4912E3B7E2358C94EB86E3D7DF6D4