BaselineInfo:
  WebDBID: -1
  TimeStamp: 20241210102300
Version:
  Major: 11
  Minor: 0
  Build: 1002
  SpecialBuildName: ""
  ptArchitecture: x86_64_linux
Results:
  Results Complete: true
  NumTestProcesses: 1
  CPU_INTEGER_MATH: 4409.7318999999998
  CPU_FLOATINGPOINT_MATH: 3645.0709474644418
  CPU_PRIME: 9.1984655522461427
  CPU_SORTING: 2673.8366607284424
  CPU_ENCRYPTION: 563.83416740760538
  CPU_COMPRESSION: 21792.705401559411
  CPU_SINGLETHREAD: 2207.3969542161408
  CPU_PHYSICS: 150.99200496891243
  CPU_MATRIX_MULT_SSE: 1632.3757485217509
  CPU_mm: 205.30280868578984
  CPU_sse: 778.80800575894273
  CPU_fma: 2453.1127442401757
  CPU_avx: 1665.2064955661344
  CPU_avx512: 0
  m_CPU_enc_SHA: 304821768.51987863
  m_CPU_enc_AES: 1201466606.7460155
  m_CPU_enc_ECDSA: 267380552.50489739
  ME_ALLOC_S: 814.45391393488489
  ME_READ_S: 23142.578417968751
  ME_READ_L: 11758.509765625
  ME_WRITE: 5738.20361328125
  ME_LARGE: 1578.0999999999999
  ME_LATENCY: 54.087450303851504
  ME_THREADED: 13978.5849609375
  SUMM_CPU: 1755.2494429298038
  SUMM_ME: 1327.5594775013171
SystemInformation:
  OSName: Ubuntu 22.04.4 LTS
  Kernel: 5.15.0-125-generic
  Device: ""
  Processor: Intel Core i3-6100 CPU @ 3.70GHz
  NumSockets: 1
  Manufacturer: GenuineIntel
  NumCores: 2
  NumLogicals: 4
  CPUFrequency: 3700
  Memory: 7800
  MemModuleInfo:
    iNumMemSticks: 4
    DIMM 1:
      manufacturer: 802C0000802C
      modulePartNo: "8ATF1G64AZ-2G3H1    "
      memType: DDR4
      size: 8
      clkspeed: 1200
      moduleVoltage: 1.20000005
    DIMM 2:
      manufacturer: Not Specified
      modulePartNo: Not Specified
      memType: Unknown
      size: 0
      clkspeed: 0
      moduleVoltage: 0
    DIMM 3:
      manufacturer: Not Specified
      modulePartNo: Not Specified
      memType: Unknown
      size: 0
      clkspeed: 0
      moduleVoltage: 0
    DIMM 4:
      manufacturer: Not Specified
      modulePartNo: Not Specified
      memType: Unknown
      size: 0
      clkspeed: 0
      moduleVoltage: 0
Checksum: 47D38ECCF0FEBB391B562DFDAEC6020BD3AF8D30