BaselineInfo:
  WebDBID: -1
  TimeStamp: 20241213105945
Version:
  Major: 11
  Minor: 0
  Build: 1002
  SpecialBuildName: ""
  ptArchitecture: x86_64_linux
Results:
  Results Complete: true
  NumTestProcesses: 1
  CPU_INTEGER_MATH: 4455.1790000000001
  CPU_FLOATINGPOINT_MATH: 3729.7644727977918
  CPU_PRIME: 10.020206788980937
  CPU_SORTING: 2762.4932467797662
  CPU_ENCRYPTION: 573.43282443891792
  CPU_COMPRESSION: 22424.674738889877
  CPU_SINGLETHREAD: 2281.7403320721273
  CPU_PHYSICS: 161.18840903346427
  CPU_MATRIX_MULT_SSE: 1657.9233415280976
  CPU_mm: 212.06101173474852
  CPU_sse: 814.8019202364502
  CPU_fma: 2527.037463361632
  CPU_avx: 1631.9306409862104
  CPU_avx512: 0
  m_CPU_enc_SHA: 313863372.09345704
  m_CPU_enc_AES: 1213920431.2458904
  m_CPU_enc_ECDSA: 276079888.61724102
  ME_ALLOC_S: 0
  ME_READ_S: 0
  ME_READ_L: 0
  ME_WRITE: 0
  ME_LARGE: 0
  ME_LATENCY: 0
  ME_THREADED: 0
  SUMM_CPU: 1799.7063361595101
  SUMM_ME: 0
SystemInformation:
  OSName: Ubuntu 22.04.4 LTS
  Kernel: 5.15.0-125-generic
  Device: ""
  Processor: Intel Core i3-6100 CPU @ 3.70GHz
  NumSockets: 1
  Manufacturer: GenuineIntel
  NumCores: 2
  NumLogicals: 4
  CPUFrequency: 3700
  Memory: 7800
  MemModuleInfo:
    iNumMemSticks: 4
    DIMM 1:
      manufacturer: 802C0000802C
      modulePartNo: "8ATF1G64AZ-2G3H1    "
      memType: DDR4
      size: 8
      clkspeed: 1200
      moduleVoltage: 1.20000005
    DIMM 2:
      manufacturer: Not Specified
      modulePartNo: Not Specified
      memType: Unknown
      size: 0
      clkspeed: 0
      moduleVoltage: 0
    DIMM 3:
      manufacturer: Not Specified
      modulePartNo: Not Specified
      memType: Unknown
      size: 0
      clkspeed: 0
      moduleVoltage: 0
    DIMM 4:
      manufacturer: Not Specified
      modulePartNo: Not Specified
      memType: Unknown
      size: 0
      clkspeed: 0
      moduleVoltage: 0
Checksum: 038314858F43DE94D7A1F8D03F98C931C4073A0F