BaselineInfo:
  WebDBID: -1
  TimeStamp: 20241213093825
Version:
  Major: 11
  Minor: 0
  Build: 1002
  SpecialBuildName: ""
  ptArchitecture: x86_64_linux
Results:
  Results Complete: true
  NumTestProcesses: 1
  CPU_INTEGER_MATH: 4454.4690000000001
  CPU_FLOATINGPOINT_MATH: 3730.2456246096126
  CPU_PRIME: 10.301424226133403
  CPU_SORTING: 2762.2143643522177
  CPU_ENCRYPTION: 573.70057443251164
  CPU_COMPRESSION: 22670.393083669955
  CPU_SINGLETHREAD: 2293.2493138120358
  CPU_PHYSICS: 161.75936167646651
  CPU_MATRIX_MULT_SSE: 1682.0212466061673
  CPU_mm: 213.41444643371085
  CPU_sse: 815.18711493052217
  CPU_fma: 2522.0836591342231
  CPU_avx: 1708.7929657537566
  CPU_avx512: 0
  m_CPU_enc_SHA: 314526910.11492926
  m_CPU_enc_AES: 1213587801.5624921
  m_CPU_enc_ECDSA: 276591248.93101466
  ME_ALLOC_S: 0
  ME_READ_S: 0
  ME_READ_L: 0
  ME_WRITE: 0
  ME_LARGE: 0
  ME_LATENCY: 0
  ME_THREADED: 0
  SUMM_CPU: 1807.7714388443471
  SUMM_ME: 0
SystemInformation:
  OSName: Ubuntu 22.04.4 LTS
  Kernel: 5.15.0-125-generic
  Device: ""
  Processor: Intel Core i3-6100 CPU @ 3.70GHz
  NumSockets: 1
  Manufacturer: GenuineIntel
  NumCores: 2
  NumLogicals: 4
  CPUFrequency: 3700
  Memory: 7800
  MemModuleInfo:
    iNumMemSticks: 4
    DIMM 1:
      manufacturer: 802C0000802C
      modulePartNo: "8ATF1G64AZ-2G3H1    "
      memType: DDR4
      size: 8
      clkspeed: 1200
      moduleVoltage: 1.20000005
    DIMM 2:
      manufacturer: Not Specified
      modulePartNo: Not Specified
      memType: Unknown
      size: 0
      clkspeed: 0
      moduleVoltage: 0
    DIMM 3:
      manufacturer: Not Specified
      modulePartNo: Not Specified
      memType: Unknown
      size: 0
      clkspeed: 0
      moduleVoltage: 0
    DIMM 4:
      manufacturer: Not Specified
      modulePartNo: Not Specified
      memType: Unknown
      size: 0
      clkspeed: 0
      moduleVoltage: 0
Checksum: 2A55C26EAE52A77D3EEB02E34ECE6615446CCD33