BaselineInfo:
  WebDBID: -1
  TimeStamp: 20241213091614
Version:
  Major: 11
  Minor: 0
  Build: 1002
  SpecialBuildName: ""
  ptArchitecture: x86_64_linux
Results:
  Results Complete: true
  NumTestProcesses: 1
  CPU_INTEGER_MATH: 4454.6749
  CPU_FLOATINGPOINT_MATH: 3728.4535820403535
  CPU_PRIME: 10.066726118944484
  CPU_SORTING: 2767.4120187336621
  CPU_ENCRYPTION: 573.22377737243085
  CPU_COMPRESSION: 22352.048652787518
  CPU_SINGLETHREAD: 2293.3547651818299
  CPU_PHYSICS: 161.61073491256636
  CPU_MATRIX_MULT_SSE: 1666.40930065829
  CPU_mm: 213.09552776415879
  CPU_sse: 813.87792032013454
  CPU_fma: 2526.7460047092172
  CPU_avx: 1658.6039769455183
  CPU_avx512: 0
  m_CPU_enc_SHA: 314025325.71923721
  m_CPU_enc_AES: 1213944867.8567657
  m_CPU_enc_ECDSA: 275235893.170219
  ME_ALLOC_S: 0
  ME_READ_S: 0
  ME_READ_L: 0
  ME_WRITE: 0
  ME_LARGE: 0
  ME_LATENCY: 0
  ME_THREADED: 0
  SUMM_CPU: 1800.4093611089804
  SUMM_ME: 0
SystemInformation:
  OSName: Ubuntu 22.04.4 LTS
  Kernel: 5.15.0-125-generic
  Device: ""
  Processor: Intel Core i3-6100 CPU @ 3.70GHz
  NumSockets: 1
  Manufacturer: GenuineIntel
  NumCores: 2
  NumLogicals: 4
  CPUFrequency: 3700
  Memory: 7800
  MemModuleInfo:
    iNumMemSticks: 4
    DIMM 1:
      manufacturer: 802C0000802C
      modulePartNo: "8ATF1G64AZ-2G3H1    "
      memType: DDR4
      size: 8
      clkspeed: 1200
      moduleVoltage: 1.20000005
    DIMM 2:
      manufacturer: Not Specified
      modulePartNo: Not Specified
      memType: Unknown
      size: 0
      clkspeed: 0
      moduleVoltage: 0
    DIMM 3:
      manufacturer: Not Specified
      modulePartNo: Not Specified
      memType: Unknown
      size: 0
      clkspeed: 0
      moduleVoltage: 0
    DIMM 4:
      manufacturer: Not Specified
      modulePartNo: Not Specified
      memType: Unknown
      size: 0
      clkspeed: 0
      moduleVoltage: 0
Checksum: AE644EC4D6F4C7FC8D6889B477D2CD49CB551208