BaselineInfo:
  WebDBID: -1
  TimeStamp: 20241210092951
Version:
  Major: 11
  Minor: 0
  Build: 1002
  SpecialBuildName: ""
  ptArchitecture: x86_64_linux
Results:
  Results Complete: true
  NumTestProcesses: 1
  CPU_INTEGER_MATH: 4409.3200999999999
  CPU_FLOATINGPOINT_MATH: 3644.2986846961662
  CPU_PRIME: 9.3713159413316269
  CPU_SORTING: 2670.3714950236226
  CPU_ENCRYPTION: 563.75066681983765
  CPU_COMPRESSION: 21949.490857128079
  CPU_SINGLETHREAD: 2233.3162224232055
  CPU_PHYSICS: 152.8583091619451
  CPU_MATRIX_MULT_SSE: 1609.7721368996124
  CPU_mm: 205.77550057467707
  CPU_sse: 790.68426744550936
  CPU_fma: 2456.4929518846679
  CPU_avx: 1582.1391913686593
  CPU_avx512: 0
  m_CPU_enc_SHA: 304480612.69309336
  m_CPU_enc_AES: 1201336041.5523698
  m_CPU_enc_ECDSA: 267589603.38837135
  ME_ALLOC_S: 813.91808139332454
  ME_READ_S: 23154.471289062501
  ME_READ_L: 11797.5283203125
  ME_WRITE: 5729.12646484375
  ME_LARGE: 1625.325
  ME_LATENCY: 54.125535280408066
  ME_THREADED: 13974.337158203125
  SUMM_CPU: 1757.0184420842515
  SUMM_ME: 1338.0144074708603
SystemInformation:
  OSName: Ubuntu 22.04.4 LTS
  Kernel: 5.15.0-125-generic
  Device: ""
  Processor: Intel Core i3-6100 CPU @ 3.70GHz
  NumSockets: 1
  Manufacturer: GenuineIntel
  NumCores: 2
  NumLogicals: 4
  CPUFrequency: 3700
  Memory: 7800
  MemModuleInfo:
    iNumMemSticks: 4
    DIMM 1:
      manufacturer: 802C0000802C
      modulePartNo: "8ATF1G64AZ-2G3H1    "
      memType: DDR4
      size: 8
      clkspeed: 1200
      moduleVoltage: 1.20000005
    DIMM 2:
      manufacturer: Not Specified
      modulePartNo: Not Specified
      memType: Unknown
      size: 0
      clkspeed: 0
      moduleVoltage: 0
    DIMM 3:
      manufacturer: Not Specified
      modulePartNo: Not Specified
      memType: Unknown
      size: 0
      clkspeed: 0
      moduleVoltage: 0
    DIMM 4:
      manufacturer: Not Specified
      modulePartNo: Not Specified
      memType: Unknown
      size: 0
      clkspeed: 0
      moduleVoltage: 0
Checksum: 7555A4F9912AFF9D8FF9F25E4C5F059CEC798B5E