BaselineInfo:
  WebDBID: -1
  TimeStamp: 20241213093443
Version:
  Major: 11
  Minor: 0
  Build: 1002
  SpecialBuildName: ""
  ptArchitecture: x86_64_linux
Results:
  Results Complete: true
  NumTestProcesses: 1
  CPU_INTEGER_MATH: 4454.6819999999998
  CPU_FLOATINGPOINT_MATH: 3729.8742274643059
  CPU_PRIME: 9.9697817509783757
  CPU_SORTING: 2762.7717000463053
  CPU_ENCRYPTION: 573.91958961251032
  CPU_COMPRESSION: 22323.485378840476
  CPU_SINGLETHREAD: 2292.1938698127228
  CPU_PHYSICS: 160.80701721200805
  CPU_MATRIX_MULT_SSE: 1684.0066711619902
  CPU_mm: 213.6135927673167
  CPU_sse: 815.20237227667315
  CPU_fma: 2528.835379558222
  CPU_avx: 1707.9822616510753
  CPU_avx512: 0
  m_CPU_enc_SHA: 314485427.11130798
  m_CPU_enc_AES: 1214170147.8499551
  m_CPU_enc_ECDSA: 276739347.83131957
  ME_ALLOC_S: 0
  ME_READ_S: 0
  ME_READ_L: 0
  ME_WRITE: 0
  ME_LARGE: 0
  ME_LATENCY: 0
  ME_THREADED: 0
  SUMM_CPU: 1801.0279986168932
  SUMM_ME: 0
SystemInformation:
  OSName: Ubuntu 22.04.4 LTS
  Kernel: 5.15.0-125-generic
  Device: ""
  Processor: Intel Core i3-6100 CPU @ 3.70GHz
  NumSockets: 1
  Manufacturer: GenuineIntel
  NumCores: 2
  NumLogicals: 4
  CPUFrequency: 3700
  Memory: 7800
  MemModuleInfo:
    iNumMemSticks: 4
    DIMM 1:
      manufacturer: 802C0000802C
      modulePartNo: "8ATF1G64AZ-2G3H1    "
      memType: DDR4
      size: 8
      clkspeed: 1200
      moduleVoltage: 1.20000005
    DIMM 2:
      manufacturer: Not Specified
      modulePartNo: Not Specified
      memType: Unknown
      size: 0
      clkspeed: 0
      moduleVoltage: 0
    DIMM 3:
      manufacturer: Not Specified
      modulePartNo: Not Specified
      memType: Unknown
      size: 0
      clkspeed: 0
      moduleVoltage: 0
    DIMM 4:
      manufacturer: Not Specified
      modulePartNo: Not Specified
      memType: Unknown
      size: 0
      clkspeed: 0
      moduleVoltage: 0
Checksum: 35B42E1291D34F2423F8D8B8BCE23FC83D433880