BaselineInfo:
  WebDBID: -1
  TimeStamp: 20241209152634
Version:
  Major: 11
  Minor: 0
  Build: 1002
  SpecialBuildName: ""
  ptArchitecture: x86_64_linux
Results:
  Results Complete: true
  NumTestProcesses: 1
  CPU_INTEGER_MATH: 4408.5106999999998
  CPU_FLOATINGPOINT_MATH: 3643.4689729854363
  CPU_PRIME: 9.2196883289085161
  CPU_SORTING: 2665.8624082317474
  CPU_ENCRYPTION: 563.64684000510931
  CPU_COMPRESSION: 21742.755525593286
  CPU_SINGLETHREAD: 2218.9569816738999
  CPU_PHYSICS: 150.9655562196611
  CPU_MATRIX_MULT_SSE: 1616.3687394104618
  CPU_mm: 204.70544770165674
  CPU_sse: 787.02340137888143
  CPU_fma: 2454.927017877405
  CPU_avx: 1607.1557989750993
  CPU_avx512: 0
  m_CPU_enc_SHA: 304251166.78791928
  m_CPU_enc_AES: 1201504215.6910717
  m_CPU_enc_ECDSA: 267324264.23660147
  ME_ALLOC_S: 0
  ME_READ_S: 0
  ME_READ_L: 0
  ME_WRITE: 0
  ME_LARGE: 0
  ME_LATENCY: 0
  ME_THREADED: 0
  SUMM_CPU: 1752.3202395098135
  SUMM_ME: 0
SystemInformation:
  OSName: Ubuntu 22.04.4 LTS
  Kernel: 5.15.0-125-generic
  Device: ""
  Processor: Intel Core i3-6100 CPU @ 3.70GHz
  NumSockets: 1
  Manufacturer: GenuineIntel
  NumCores: 2
  NumLogicals: 4
  CPUFrequency: 3700
  Memory: 7800
  MemModuleInfo:
    iNumMemSticks: 4
    DIMM 1:
      manufacturer: 802C0000802C
      modulePartNo: "8ATF1G64AZ-2G3H1    "
      memType: DDR4
      size: 8
      clkspeed: 1200
      moduleVoltage: 1.20000005
    DIMM 2:
      manufacturer: Not Specified
      modulePartNo: Not Specified
      memType: Unknown
      size: 0
      clkspeed: 0
      moduleVoltage: 0
    DIMM 3:
      manufacturer: Not Specified
      modulePartNo: Not Specified
      memType: Unknown
      size: 0
      clkspeed: 0
      moduleVoltage: 0
    DIMM 4:
      manufacturer: Not Specified
      modulePartNo: Not Specified
      memType: Unknown
      size: 0
      clkspeed: 0
      moduleVoltage: 0
Checksum: FF7B7A3AA542DFA93ACAD9878248D41766AE7710