BaselineInfo:
  WebDBID: -1
  TimeStamp: 20241213094207
Version:
  Major: 11
  Minor: 0
  Build: 1002
  SpecialBuildName: ""
  ptArchitecture: x86_64_linux
Results:
  Results Complete: true
  NumTestProcesses: 1
  CPU_INTEGER_MATH: 4454.8666000000003
  CPU_FLOATINGPOINT_MATH: 3730.1418697603331
  CPU_PRIME: 10.147767918592884
  CPU_SORTING: 2766.8252333443493
  CPU_ENCRYPTION: 573.21025836002855
  CPU_COMPRESSION: 22611.967830286885
  CPU_SINGLETHREAD: 2293.3051215779974
  CPU_PHYSICS: 161.14491586813037
  CPU_MATRIX_MULT_SSE: 1669.2008363005982
  CPU_mm: 211.15164352866057
  CPU_sse: 801.27143357397642
  CPU_fma: 2524.2522810211144
  CPU_avx: 1682.0787943067044
  CPU_avx512: 0
  m_CPU_enc_SHA: 314637596.46661633
  m_CPU_enc_AES: 1213746970.6225839
  m_CPU_enc_ECDSA: 274778992.52117556
  ME_ALLOC_S: 0
  ME_READ_S: 0
  ME_READ_L: 0
  ME_WRITE: 0
  ME_LARGE: 0
  ME_LATENCY: 0
  ME_THREADED: 0
  SUMM_CPU: 1804.3407468907039
  SUMM_ME: 0
SystemInformation:
  OSName: Ubuntu 22.04.4 LTS
  Kernel: 5.15.0-125-generic
  Device: ""
  Processor: Intel Core i3-6100 CPU @ 3.70GHz
  NumSockets: 1
  Manufacturer: GenuineIntel
  NumCores: 2
  NumLogicals: 4
  CPUFrequency: 3700
  Memory: 7800
  MemModuleInfo:
    iNumMemSticks: 4
    DIMM 1:
      manufacturer: 802C0000802C
      modulePartNo: "8ATF1G64AZ-2G3H1    "
      memType: DDR4
      size: 8
      clkspeed: 1200
      moduleVoltage: 1.20000005
    DIMM 2:
      manufacturer: Not Specified
      modulePartNo: Not Specified
      memType: Unknown
      size: 0
      clkspeed: 0
      moduleVoltage: 0
    DIMM 3:
      manufacturer: Not Specified
      modulePartNo: Not Specified
      memType: Unknown
      size: 0
      clkspeed: 0
      moduleVoltage: 0
    DIMM 4:
      manufacturer: Not Specified
      modulePartNo: Not Specified
      memType: Unknown
      size: 0
      clkspeed: 0
      moduleVoltage: 0
Checksum: 8697D78858374C6092B90FE53506095FEA7505EF