BaselineInfo:
  WebDBID: -1
  TimeStamp: 20241209144549
Version:
  Major: 11
  Minor: 0
  Build: 1002
  SpecialBuildName: ""
  ptArchitecture: x86_64_linux
Results:
  Results Complete: true
  NumTestProcesses: 1
  CPU_INTEGER_MATH: 4409.4620999999997
  CPU_FLOATINGPOINT_MATH: 3645.1953244232336
  CPU_PRIME: 9.2346374389255939
  CPU_SORTING: 2665.5914297294644
  CPU_ENCRYPTION: 563.30887667844274
  CPU_COMPRESSION: 21930.008443373004
  CPU_SINGLETHREAD: 2218.604852341894
  CPU_PHYSICS: 151.38984887187013
  CPU_MATRIX_MULT_SSE: 1627.7909486228637
  CPU_mm: 205.82424130202529
  CPU_sse: 778.5517948267119
  CPU_fma: 2455.659914082752
  CPU_avx: 1649.1611369591274
  CPU_avx512: 0
  m_CPU_enc_SHA: 305043718.46836549
  m_CPU_enc_AES: 1200882486.423074
  m_CPU_enc_ECDSA: 266090301.12448496
  ME_ALLOC_S: 0
  ME_READ_S: 0
  ME_READ_L: 0
  ME_WRITE: 0
  ME_LARGE: 0
  ME_LATENCY: 0
  ME_THREADED: 0
  SUMM_CPU: 1756.0646205650407
  SUMM_ME: 0
SystemInformation:
  OSName: Ubuntu 22.04.4 LTS
  Kernel: 5.15.0-125-generic
  Device: ""
  Processor: Intel Core i3-6100 CPU @ 3.70GHz
  NumSockets: 1
  Manufacturer: GenuineIntel
  NumCores: 2
  NumLogicals: 4
  CPUFrequency: 3700
  Memory: 7800
  MemModuleInfo:
    iNumMemSticks: 4
    DIMM 1:
      manufacturer: 802C0000802C
      modulePartNo: "8ATF1G64AZ-2G3H1    "
      memType: DDR4
      size: 8
      clkspeed: 1200
      moduleVoltage: 1.20000005
    DIMM 2:
      manufacturer: Not Specified
      modulePartNo: Not Specified
      memType: Unknown
      size: 0
      clkspeed: 0
      moduleVoltage: 0
    DIMM 3:
      manufacturer: Not Specified
      modulePartNo: Not Specified
      memType: Unknown
      size: 0
      clkspeed: 0
      moduleVoltage: 0
    DIMM 4:
      manufacturer: Not Specified
      modulePartNo: Not Specified
      memType: Unknown
      size: 0
      clkspeed: 0
      moduleVoltage: 0
Checksum: BF2A6F65BC7D91163FC5E03BDAC3DD6217C9A66D