BaselineInfo:
  WebDBID: -1
  TimeStamp: 20241209154847
Version:
  Major: 11
  Minor: 0
  Build: 1002
  SpecialBuildName: ""
  ptArchitecture: x86_64_linux
Results:
  Results Complete: true
  NumTestProcesses: 1
  CPU_INTEGER_MATH: 4409.3555999999999
  CPU_FLOATINGPOINT_MATH: 3636.8690521334752
  CPU_PRIME: 9.301535684690398
  CPU_SORTING: 2670.9039217773416
  CPU_ENCRYPTION: 563.47512129973677
  CPU_COMPRESSION: 21954.680445051981
  CPU_SINGLETHREAD: 2230.6432195992957
  CPU_PHYSICS: 151.2616434424244
  CPU_MATRIX_MULT_SSE: 1630.8840215021507
  CPU_mm: 206.81307393927429
  CPU_sse: 777.93895572548956
  CPU_fma: 2449.7370436573356
  CPU_avx: 1664.9760651236272
  CPU_avx512: 0
  m_CPU_enc_SHA: 304843996.47142392
  m_CPU_enc_AES: 1201597825.8982627
  m_CPU_enc_ECDSA: 266097644.00629172
  ME_ALLOC_S: 0
  ME_READ_S: 0
  ME_READ_L: 0
  ME_WRITE: 0
  ME_LARGE: 0
  ME_LATENCY: 0
  ME_THREADED: 0
  SUMM_CPU: 1757.3031685344106
  SUMM_ME: 0
SystemInformation:
  OSName: Ubuntu 22.04.4 LTS
  Kernel: 5.15.0-125-generic
  Device: ""
  Processor: Intel Core i3-6100 CPU @ 3.70GHz
  NumSockets: 1
  Manufacturer: GenuineIntel
  NumCores: 2
  NumLogicals: 4
  CPUFrequency: 3700
  Memory: 7800
  MemModuleInfo:
    iNumMemSticks: 4
    DIMM 1:
      manufacturer: 802C0000802C
      modulePartNo: "8ATF1G64AZ-2G3H1    "
      memType: DDR4
      size: 8
      clkspeed: 1200
      moduleVoltage: 1.20000005
    DIMM 2:
      manufacturer: Not Specified
      modulePartNo: Not Specified
      memType: Unknown
      size: 0
      clkspeed: 0
      moduleVoltage: 0
    DIMM 3:
      manufacturer: Not Specified
      modulePartNo: Not Specified
      memType: Unknown
      size: 0
      clkspeed: 0
      moduleVoltage: 0
    DIMM 4:
      manufacturer: Not Specified
      modulePartNo: Not Specified
      memType: Unknown
      size: 0
      clkspeed: 0
      moduleVoltage: 0
Checksum: D948EF03B63163C67E826007C20816806F88A45D