BaselineInfo:
  WebDBID: -1
  TimeStamp: 20241210114632
Version:
  Major: 11
  Minor: 0
  Build: 1002
  SpecialBuildName: ""
  ptArchitecture: x86_64_linux
Results:
  Results Complete: true
  NumTestProcesses: 1
  CPU_INTEGER_MATH: 4410.4206000000004
  CPU_FLOATINGPOINT_MATH: 3644.7293238251573
  CPU_PRIME: 9.1510877251155271
  CPU_SORTING: 2670.663535322291
  CPU_ENCRYPTION: 563.90182089859184
  CPU_COMPRESSION: 21926.825392327712
  CPU_SINGLETHREAD: 2207.3359321854168
  CPU_PHYSICS: 150.1472579329253
  CPU_MATRIX_MULT_SSE: 1634.3287596482799
  CPU_mm: 204.17194371235479
  CPU_sse: 792.14067712587382
  CPU_fma: 2455.1958825137453
  CPU_avx: 1655.6497193052201
  CPU_avx512: 0
  m_CPU_enc_SHA: 305225365.91054308
  m_CPU_enc_AES: 1201274774.0128553
  m_CPU_enc_ECDSA: 267381607.32828704
  ME_ALLOC_S: 811.15842811983453
  ME_READ_S: 23038.734179687501
  ME_READ_L: 11754.7841796875
  ME_WRITE: 5731.26318359375
  ME_LARGE: 1544.45
  ME_LATENCY: 53.826035717915602
  ME_THREADED: 13994.83837890625
  SUMM_CPU: 1756.1316654955581
  SUMM_ME: 1319.9254265644595
SystemInformation:
  OSName: Ubuntu 22.04.4 LTS
  Kernel: 5.15.0-125-generic
  Device: ""
  Processor: Intel Core i3-6100 CPU @ 3.70GHz
  NumSockets: 1
  Manufacturer: GenuineIntel
  NumCores: 2
  NumLogicals: 4
  CPUFrequency: 3700
  Memory: 7800
  MemModuleInfo:
    iNumMemSticks: 4
    DIMM 1:
      manufacturer: 802C0000802C
      modulePartNo: "8ATF1G64AZ-2G3H1    "
      memType: DDR4
      size: 8
      clkspeed: 1200
      moduleVoltage: 1.20000005
    DIMM 2:
      manufacturer: Not Specified
      modulePartNo: Not Specified
      memType: Unknown
      size: 0
      clkspeed: 0
      moduleVoltage: 0
    DIMM 3:
      manufacturer: Not Specified
      modulePartNo: Not Specified
      memType: Unknown
      size: 0
      clkspeed: 0
      moduleVoltage: 0
    DIMM 4:
      manufacturer: Not Specified
      modulePartNo: Not Specified
      memType: Unknown
      size: 0
      clkspeed: 0
      moduleVoltage: 0
Checksum: 8B7F18C661131611831C6BF960832CB77BEC17F7