BaselineInfo:
  WebDBID: -1
  TimeStamp: 20241209151909
Version:
  Major: 11
  Minor: 0
  Build: 1002
  SpecialBuildName: ""
  ptArchitecture: x86_64_linux
Results:
  Results Complete: true
  NumTestProcesses: 1
  CPU_INTEGER_MATH: 4409.6822000000002
  CPU_FLOATINGPOINT_MATH: 3643.1469185669007
  CPU_PRIME: 9.0191140064021305
  CPU_SORTING: 2668.8933683366818
  CPU_ENCRYPTION: 563.74197748680615
  CPU_COMPRESSION: 21843.129116746673
  CPU_SINGLETHREAD: 2234.3832118061309
  CPU_PHYSICS: 151.65441546731364
  CPU_MATRIX_MULT_SSE: 1607.7417703722904
  CPU_mm: 206.92771947166133
  CPU_sse: 790.59332088417614
  CPU_fma: 2451.4036000034043
  CPU_avx: 1581.2283902292909
  CPU_avx512: 0
  m_CPU_enc_SHA: 304752213.50285006
  m_CPU_enc_AES: 1201703131.6698842
  m_CPU_enc_ECDSA: 266923578.18288162
  ME_ALLOC_S: 0
  ME_READ_S: 0
  ME_READ_L: 0
  ME_WRITE: 0
  ME_LARGE: 0
  ME_LATENCY: 0
  ME_THREADED: 0
  SUMM_CPU: 1751.8215943666967
  SUMM_ME: 0
SystemInformation:
  OSName: Ubuntu 22.04.4 LTS
  Kernel: 5.15.0-125-generic
  Device: ""
  Processor: Intel Core i3-6100 CPU @ 3.70GHz
  NumSockets: 1
  Manufacturer: GenuineIntel
  NumCores: 2
  NumLogicals: 4
  CPUFrequency: 3700
  Memory: 7800
  MemModuleInfo:
    iNumMemSticks: 4
    DIMM 1:
      manufacturer: 802C0000802C
      modulePartNo: "8ATF1G64AZ-2G3H1    "
      memType: DDR4
      size: 8
      clkspeed: 1200
      moduleVoltage: 1.20000005
    DIMM 2:
      manufacturer: Not Specified
      modulePartNo: Not Specified
      memType: Unknown
      size: 0
      clkspeed: 0
      moduleVoltage: 0
    DIMM 3:
      manufacturer: Not Specified
      modulePartNo: Not Specified
      memType: Unknown
      size: 0
      clkspeed: 0
      moduleVoltage: 0
    DIMM 4:
      manufacturer: Not Specified
      modulePartNo: Not Specified
      memType: Unknown
      size: 0
      clkspeed: 0
      moduleVoltage: 0
Checksum: 23F3CAE90268514C65C2EC758C091CE3AF2B8B90