BaselineInfo:
  WebDBID: -1
  TimeStamp: 20241213104840
Version:
  Major: 11
  Minor: 0
  Build: 1002
  SpecialBuildName: ""
  ptArchitecture: x86_64_linux
Results:
  Results Complete: true
  NumTestProcesses: 1
  CPU_INTEGER_MATH: 4455.8392999999996
  CPU_FLOATINGPOINT_MATH: 3728.1779928662136
  CPU_PRIME: 10.247266118456992
  CPU_SORTING: 2761.7100553745931
  CPU_ENCRYPTION: 573.62126936841105
  CPU_COMPRESSION: 22670.802643483727
  CPU_SINGLETHREAD: 2254.183530831388
  CPU_PHYSICS: 161.77052763550572
  CPU_MATRIX_MULT_SSE: 1666.7767972654383
  CPU_mm: 211.24945159642363
  CPU_sse: 814.20042777366439
  CPU_fma: 2524.998677152003
  CPU_avx: 1661.1312868706477
  CPU_avx512: 0
  m_CPU_enc_SHA: 314673857.27443242
  m_CPU_enc_AES: 1213802961.5252635
  m_CPU_enc_ECDSA: 275979669.6480571
  ME_ALLOC_S: 0
  ME_READ_S: 0
  ME_READ_L: 0
  ME_WRITE: 0
  ME_LARGE: 0
  ME_LATENCY: 0
  ME_THREADED: 0
  SUMM_CPU: 1805.3710370140755
  SUMM_ME: 0
SystemInformation:
  OSName: Ubuntu 22.04.4 LTS
  Kernel: 5.15.0-125-generic
  Device: ""
  Processor: Intel Core i3-6100 CPU @ 3.70GHz
  NumSockets: 1
  Manufacturer: GenuineIntel
  NumCores: 2
  NumLogicals: 4
  CPUFrequency: 3700
  Memory: 7800
  MemModuleInfo:
    iNumMemSticks: 4
    DIMM 1:
      manufacturer: 802C0000802C
      modulePartNo: "8ATF1G64AZ-2G3H1    "
      memType: DDR4
      size: 8
      clkspeed: 1200
      moduleVoltage: 1.20000005
    DIMM 2:
      manufacturer: Not Specified
      modulePartNo: Not Specified
      memType: Unknown
      size: 0
      clkspeed: 0
      moduleVoltage: 0
    DIMM 3:
      manufacturer: Not Specified
      modulePartNo: Not Specified
      memType: Unknown
      size: 0
      clkspeed: 0
      moduleVoltage: 0
    DIMM 4:
      manufacturer: Not Specified
      modulePartNo: Not Specified
      memType: Unknown
      size: 0
      clkspeed: 0
      moduleVoltage: 0
Checksum: E128A1ABD2706188D711E99AD677EF743167D177