BaselineInfo:
  WebDBID: -1
  TimeStamp: 20241213122310
Version:
  Major: 11
  Minor: 0
  Build: 1002
  SpecialBuildName: ""
  ptArchitecture: x86_64_linux
Results:
  Results Complete: true
  NumTestProcesses: 1
  CPU_INTEGER_MATH: 4454.6749
  CPU_FLOATINGPOINT_MATH: 3729.5588063450678
  CPU_PRIME: 10.176501636409585
  CPU_SORTING: 2762.4455808343318
  CPU_ENCRYPTION: 573.02698836009279
  CPU_COMPRESSION: 22381.0819268251
  CPU_SINGLETHREAD: 2286.4646643077444
  CPU_PHYSICS: 160.8904774250606
  CPU_MATRIX_MULT_SSE: 1677.0927787575317
  CPU_mm: 213.51499763237817
  CPU_sse: 794.29776360243568
  CPU_fma: 2527.7110197072589
  CPU_avx: 1709.2695529629002
  CPU_avx512: 0
  m_CPU_enc_SHA: 314553618.37880212
  m_CPU_enc_AES: 1213317396.4203129
  m_CPU_enc_ECDSA: 274716027.24090302
  ME_ALLOC_S: 839.07713065957773
  ME_READ_S: 24304.06103515625
  ME_READ_L: 12195.0126953125
  ME_WRITE: 5930.11181640625
  ME_LARGE: 1570.05
  ME_LATENCY: 57.296559921603432
  ME_THREADED: 14290.854736328125
  SUMM_CPU: 1801.8180977700877
  SUMM_ME: 1331.9847175597665
SystemInformation:
  OSName: Ubuntu 22.04.4 LTS
  Kernel: 5.15.0-125-generic
  Device: ""
  Processor: Intel Core i3-6100 CPU @ 3.70GHz
  NumSockets: 1
  Manufacturer: GenuineIntel
  NumCores: 2
  NumLogicals: 4
  CPUFrequency: 3700
  Memory: 7800
  MemModuleInfo:
    iNumMemSticks: 4
    DIMM 1:
      manufacturer: 802C0000802C
      modulePartNo: "8ATF1G64AZ-2G3H1    "
      memType: DDR4
      size: 8
      clkspeed: 1200
      moduleVoltage: 1.20000005
    DIMM 2:
      manufacturer: Not Specified
      modulePartNo: Not Specified
      memType: Unknown
      size: 0
      clkspeed: 0
      moduleVoltage: 0
    DIMM 3:
      manufacturer: Not Specified
      modulePartNo: Not Specified
      memType: Unknown
      size: 0
      clkspeed: 0
      moduleVoltage: 0
    DIMM 4:
      manufacturer: Not Specified
      modulePartNo: Not Specified
      memType: Unknown
      size: 0
      clkspeed: 0
      moduleVoltage: 0
Checksum: F360E6685D1A8EDEB5D61DB723705C5D353E5ED9