BaselineInfo:
  WebDBID: -1
  TimeStamp: 20241213113006
Version:
  Major: 11
  Minor: 0
  Build: 1002
  SpecialBuildName: ""
  ptArchitecture: x86_64_linux
Results:
  Results Complete: true
  NumTestProcesses: 1
  CPU_INTEGER_MATH: 4453.6382999999996
  CPU_FLOATINGPOINT_MATH: 3731.7801512768533
  CPU_PRIME: 10.194233516180187
  CPU_SORTING: 2750.8580595167441
  CPU_ENCRYPTION: 573.45305304101328
  CPU_COMPRESSION: 22580.571891712792
  CPU_SINGLETHREAD: 2285.017515342071
  CPU_PHYSICS: 160.91354882473746
  CPU_MATRIX_MULT_SSE: 1678.8990743567354
  CPU_mm: 213.38890847131552
  CPU_sse: 798.99023761818466
  CPU_fma: 2527.9413767092492
  CPU_avx: 1709.765608742772
  CPU_avx512: 0
  m_CPU_enc_SHA: 314422706.97222501
  m_CPU_enc_AES: 1213481630.1274362
  m_CPU_enc_ECDSA: 276022988.53693938
  ME_ALLOC_S: 844.93339378725398
  ME_READ_S: 24040.126953125
  ME_READ_L: 12218.8623046875
  ME_WRITE: 5929.75146484375
  ME_LARGE: 1609.075
  ME_LATENCY: 57.232555483272257
  ME_THREADED: 14299.67919921875
  SUMM_CPU: 1804.1239903338264
  SUMM_ME: 1340.8914099510657
SystemInformation:
  OSName: Ubuntu 22.04.4 LTS
  Kernel: 5.15.0-125-generic
  Device: ""
  Processor: Intel Core i3-6100 CPU @ 3.70GHz
  NumSockets: 1
  Manufacturer: GenuineIntel
  NumCores: 2
  NumLogicals: 4
  CPUFrequency: 3700
  Memory: 7800
  MemModuleInfo:
    iNumMemSticks: 4
    DIMM 1:
      manufacturer: 802C0000802C
      modulePartNo: "8ATF1G64AZ-2G3H1    "
      memType: DDR4
      size: 8
      clkspeed: 1200
      moduleVoltage: 1.20000005
    DIMM 2:
      manufacturer: Not Specified
      modulePartNo: Not Specified
      memType: Unknown
      size: 0
      clkspeed: 0
      moduleVoltage: 0
    DIMM 3:
      manufacturer: Not Specified
      modulePartNo: Not Specified
      memType: Unknown
      size: 0
      clkspeed: 0
      moduleVoltage: 0
    DIMM 4:
      manufacturer: Not Specified
      modulePartNo: Not Specified
      memType: Unknown
      size: 0
      clkspeed: 0
      moduleVoltage: 0
Checksum: EF9D36BFFC1354497942CBCFCFEF1CA8079859B7