BaselineInfo:
  WebDBID: -1
  TimeStamp: 20241209155230
Version:
  Major: 11
  Minor: 0
  Build: 1002
  SpecialBuildName: ""
  ptArchitecture: x86_64_linux
Results:
  Results Complete: true
  NumTestProcesses: 1
  CPU_INTEGER_MATH: 4410.1579000000002
  CPU_FLOATINGPOINT_MATH: 3642.7294202313033
  CPU_PRIME: 9.3259266775397034
  CPU_SORTING: 2666.7785691483668
  CPU_ENCRYPTION: 563.34335869729705
  CPU_COMPRESSION: 21721.481993256017
  CPU_SINGLETHREAD: 2222.8463062380256
  CPU_PHYSICS: 150.23584973960357
  CPU_MATRIX_MULT_SSE: 1635.0512222849193
  CPU_mm: 202.94867028031231
  CPU_sse: 791.65893048904832
  CPU_fma: 2449.9955945649172
  CPU_avx: 1663.4991418007926
  CPU_avx512: 0
  m_CPU_enc_SHA: 305041134.02334505
  m_CPU_enc_AES: 1200669953.0735054
  m_CPU_enc_ECDSA: 266413889.97128037
  ME_ALLOC_S: 0
  ME_READ_S: 0
  ME_READ_L: 0
  ME_WRITE: 0
  ME_LARGE: 0
  ME_LATENCY: 0
  ME_THREADED: 0
  SUMM_CPU: 1754.4236203768344
  SUMM_ME: 0
SystemInformation:
  OSName: Ubuntu 22.04.4 LTS
  Kernel: 5.15.0-125-generic
  Device: ""
  Processor: Intel Core i3-6100 CPU @ 3.70GHz
  NumSockets: 1
  Manufacturer: GenuineIntel
  NumCores: 2
  NumLogicals: 4
  CPUFrequency: 3700
  Memory: 7800
  MemModuleInfo:
    iNumMemSticks: 4
    DIMM 1:
      manufacturer: 802C0000802C
      modulePartNo: "8ATF1G64AZ-2G3H1    "
      memType: DDR4
      size: 8
      clkspeed: 1200
      moduleVoltage: 1.20000005
    DIMM 2:
      manufacturer: Not Specified
      modulePartNo: Not Specified
      memType: Unknown
      size: 0
      clkspeed: 0
      moduleVoltage: 0
    DIMM 3:
      manufacturer: Not Specified
      modulePartNo: Not Specified
      memType: Unknown
      size: 0
      clkspeed: 0
      moduleVoltage: 0
    DIMM 4:
      manufacturer: Not Specified
      modulePartNo: Not Specified
      memType: Unknown
      size: 0
      clkspeed: 0
      moduleVoltage: 0
Checksum: 44C0077802F5C47614C7960E652B45585AC7FF48