BaselineInfo:
  WebDBID: -1
  TimeStamp: 20241213125329
Version:
  Major: 11
  Minor: 0
  Build: 1002
  SpecialBuildName: ""
  ptArchitecture: x86_64_linux
Results:
  Results Complete: true
  NumTestProcesses: 1
  CPU_INTEGER_MATH: 4454.4264000000003
  CPU_FLOATINGPOINT_MATH: 3731.170813459948
  CPU_PRIME: 9.9596532363439856
  CPU_SORTING: 2766.43166413372
  CPU_ENCRYPTION: 573.48269054547052
  CPU_COMPRESSION: 22731.815503976493
  CPU_SINGLETHREAD: 2284.0511913721657
  CPU_PHYSICS: 160.54983616749709
  CPU_MATRIX_MULT_SSE: 1679.6631881438007
  CPU_mm: 212.54583707723498
  CPU_sse: 802.36118870411758
  CPU_fma: 2527.3153271203259
  CPU_avx: 1709.3130486069588
  CPU_avx512: 0
  m_CPU_enc_SHA: 313832656.37277859
  m_CPU_enc_AES: 1213873826.2663155
  m_CPU_enc_ECDSA: 276314074.52512777
  ME_ALLOC_S: 839.48208987731812
  ME_READ_S: 24095.33349609375
  ME_READ_L: 12181.3359375
  ME_WRITE: 5940.5478515625
  ME_LARGE: 1567.675
  ME_LATENCY: 57.429193992211346
  ME_THREADED: 14254.99169921875
  SUMM_CPU: 1805.3476595876343
  SUMM_ME: 1329.4180525359018
SystemInformation:
  OSName: Ubuntu 22.04.4 LTS
  Kernel: 5.15.0-125-generic
  Device: ""
  Processor: Intel Core i3-6100 CPU @ 3.70GHz
  NumSockets: 1
  Manufacturer: GenuineIntel
  NumCores: 2
  NumLogicals: 4
  CPUFrequency: 3700
  Memory: 7800
  MemModuleInfo:
    iNumMemSticks: 4
    DIMM 1:
      manufacturer: 802C0000802C
      modulePartNo: "8ATF1G64AZ-2G3H1    "
      memType: DDR4
      size: 8
      clkspeed: 1200
      moduleVoltage: 1.20000005
    DIMM 2:
      manufacturer: Not Specified
      modulePartNo: Not Specified
      memType: Unknown
      size: 0
      clkspeed: 0
      moduleVoltage: 0
    DIMM 3:
      manufacturer: Not Specified
      modulePartNo: Not Specified
      memType: Unknown
      size: 0
      clkspeed: 0
      moduleVoltage: 0
    DIMM 4:
      manufacturer: Not Specified
      modulePartNo: Not Specified
      memType: Unknown
      size: 0
      clkspeed: 0
      moduleVoltage: 0
Checksum: DA77582B1A234A96004B44964200885F6429E352