BaselineInfo:
  WebDBID: -1
  TimeStamp: 20241213094548
Version:
  Major: 11
  Minor: 0
  Build: 1002
  SpecialBuildName: ""
  ptArchitecture: x86_64_linux
Results:
  Results Complete: true
  NumTestProcesses: 1
  CPU_INTEGER_MATH: 4451.1674999999996
  CPU_FLOATINGPOINT_MATH: 3731.1500574804249
  CPU_PRIME: 10.169496882502823
  CPU_SORTING: 2769.8572914171232
  CPU_ENCRYPTION: 573.1976889957931
  CPU_COMPRESSION: 22724.918719665733
  CPU_SINGLETHREAD: 2279.9385240860338
  CPU_PHYSICS: 161.21485471228709
  CPU_MATRIX_MULT_SSE: 1676.419023554774
  CPU_mm: 211.76448116710279
  CPU_sse: 793.063954305523
  CPU_fma: 2527.2591105311562
  CPU_avx: 1708.9340058276423
  CPU_avx512: 0
  m_CPU_enc_SHA: 314833267.4829337
  m_CPU_enc_AES: 1213458936.9370568
  m_CPU_enc_ECDSA: 274831815.38936758
  ME_ALLOC_S: 0
  ME_READ_S: 0
  ME_READ_L: 0
  ME_WRITE: 0
  ME_LARGE: 0
  ME_LATENCY: 0
  ME_THREADED: 0
  SUMM_CPU: 1806.5374298764239
  SUMM_ME: 0
SystemInformation:
  OSName: Ubuntu 22.04.4 LTS
  Kernel: 5.15.0-125-generic
  Device: ""
  Processor: Intel Core i3-6100 CPU @ 3.70GHz
  NumSockets: 1
  Manufacturer: GenuineIntel
  NumCores: 2
  NumLogicals: 4
  CPUFrequency: 3700
  Memory: 7800
  MemModuleInfo:
    iNumMemSticks: 4
    DIMM 1:
      manufacturer: 802C0000802C
      modulePartNo: "8ATF1G64AZ-2G3H1    "
      memType: DDR4
      size: 8
      clkspeed: 1200
      moduleVoltage: 1.20000005
    DIMM 2:
      manufacturer: Not Specified
      modulePartNo: Not Specified
      memType: Unknown
      size: 0
      clkspeed: 0
      moduleVoltage: 0
    DIMM 3:
      manufacturer: Not Specified
      modulePartNo: Not Specified
      memType: Unknown
      size: 0
      clkspeed: 0
      moduleVoltage: 0
    DIMM 4:
      manufacturer: Not Specified
      modulePartNo: Not Specified
      memType: Unknown
      size: 0
      clkspeed: 0
      moduleVoltage: 0
Checksum: 5534E6B403B467DA1F4C8BF19CEF1B8DDA223202