BaselineInfo:
  WebDBID: -1
  TimeStamp: 20241209145314
Version:
  Major: 11
  Minor: 0
  Build: 1002
  SpecialBuildName: ""
  ptArchitecture: x86_64_linux
Results:
  Results Complete: true
  NumTestProcesses: 1
  CPU_INTEGER_MATH: 4409.0077000000001
  CPU_FLOATINGPOINT_MATH: 3643.3406657234941
  CPU_PRIME: 9.3824077649652935
  CPU_SORTING: 2670.1590418430324
  CPU_ENCRYPTION: 563.46091284362205
  CPU_COMPRESSION: 21985.352667015144
  CPU_SINGLETHREAD: 2219.2503536277727
  CPU_PHYSICS: 151.62902530721433
  CPU_MATRIX_MULT_SSE: 1630.0719623821794
  CPU_mm: 204.64777266053039
  CPU_sse: 777.46835527732458
  CPU_fma: 2457.2915164690703
  CPU_avx: 1655.4560154001435
  CPU_avx512: 0
  m_CPU_enc_SHA: 304554419.84698397
  m_CPU_enc_AES: 1201459793.6291554
  m_CPU_enc_ECDSA: 266480556.96160221
  ME_ALLOC_S: 0
  ME_READ_S: 0
  ME_READ_L: 0
  ME_WRITE: 0
  ME_LARGE: 0
  ME_LATENCY: 0
  ME_THREADED: 0
  SUMM_CPU: 1758.6217574655909
  SUMM_ME: 0
SystemInformation:
  OSName: Ubuntu 22.04.4 LTS
  Kernel: 5.15.0-125-generic
  Device: ""
  Processor: Intel Core i3-6100 CPU @ 3.70GHz
  NumSockets: 1
  Manufacturer: GenuineIntel
  NumCores: 2
  NumLogicals: 4
  CPUFrequency: 3700
  Memory: 7800
  MemModuleInfo:
    iNumMemSticks: 4
    DIMM 1:
      manufacturer: 802C0000802C
      modulePartNo: "8ATF1G64AZ-2G3H1    "
      memType: DDR4
      size: 8
      clkspeed: 1200
      moduleVoltage: 1.20000005
    DIMM 2:
      manufacturer: Not Specified
      modulePartNo: Not Specified
      memType: Unknown
      size: 0
      clkspeed: 0
      moduleVoltage: 0
    DIMM 3:
      manufacturer: Not Specified
      modulePartNo: Not Specified
      memType: Unknown
      size: 0
      clkspeed: 0
      moduleVoltage: 0
    DIMM 4:
      manufacturer: Not Specified
      modulePartNo: Not Specified
      memType: Unknown
      size: 0
      clkspeed: 0
      moduleVoltage: 0
Checksum: EA8F599BF1E24CAAAC844403BC4FBA4704E8D568