BaselineInfo:
  WebDBID: -1
  TimeStamp: 20241209144207
Version:
  Major: 11
  Minor: 0
  Build: 1002
  SpecialBuildName: ""
  ptArchitecture: x86_64_linux
Results:
  Results Complete: true
  NumTestProcesses: 1
  CPU_INTEGER_MATH: 4408.2053999999998
  CPU_FLOATINGPOINT_MATH: 3643.6771742363221
  CPU_PRIME: 9.2222708622354581
  CPU_SORTING: 2672.1876826616503
  CPU_ENCRYPTION: 563.61304217828831
  CPU_COMPRESSION: 22074.386816241637
  CPU_SINGLETHREAD: 2233.8611261912629
  CPU_PHYSICS: 151.99697797929886
  CPU_MATRIX_MULT_SSE: 1635.4110138559088
  CPU_mm: 204.72381009242253
  CPU_sse: 791.37604556953465
  CPU_fma: 2450.812793384981
  CPU_avx: 1664.0442026132102
  CPU_avx512: 0
  m_CPU_enc_SHA: 304764643.69082272
  m_CPU_enc_AES: 1201204624.8892193
  m_CPU_enc_ECDSA: 267004059.3653807
  ME_ALLOC_S: 0
  ME_READ_S: 0
  ME_READ_L: 0
  ME_WRITE: 0
  ME_LARGE: 0
  ME_LATENCY: 0
  ME_THREADED: 0
  SUMM_CPU: 1759.5015042731075
  SUMM_ME: 0
SystemInformation:
  OSName: Ubuntu 22.04.4 LTS
  Kernel: 5.15.0-125-generic
  Device: ""
  Processor: Intel Core i3-6100 CPU @ 3.70GHz
  NumSockets: 1
  Manufacturer: GenuineIntel
  NumCores: 2
  NumLogicals: 4
  CPUFrequency: 3700
  Memory: 7800
  MemModuleInfo:
    iNumMemSticks: 4
    DIMM 1:
      manufacturer: 802C0000802C
      modulePartNo: "8ATF1G64AZ-2G3H1    "
      memType: DDR4
      size: 8
      clkspeed: 1200
      moduleVoltage: 1.20000005
    DIMM 2:
      manufacturer: Not Specified
      modulePartNo: Not Specified
      memType: Unknown
      size: 0
      clkspeed: 0
      moduleVoltage: 0
    DIMM 3:
      manufacturer: Not Specified
      modulePartNo: Not Specified
      memType: Unknown
      size: 0
      clkspeed: 0
      moduleVoltage: 0
    DIMM 4:
      manufacturer: Not Specified
      modulePartNo: Not Specified
      memType: Unknown
      size: 0
      clkspeed: 0
      moduleVoltage: 0
Checksum: 7FECA0E20B242CF47428D09B7775CD678F1895F6