BaselineInfo:
  WebDBID: -1
  TimeStamp: 20241209150420
Version:
  Major: 11
  Minor: 0
  Build: 1002
  SpecialBuildName: ""
  ptArchitecture: x86_64_linux
Results:
  Results Complete: true
  NumTestProcesses: 1
  CPU_INTEGER_MATH: 4408.9012000000002
  CPU_FLOATINGPOINT_MATH: 3642.7221907256103
  CPU_PRIME: 9.1767353452102363
  CPU_SORTING: 2667.7361574049328
  CPU_ENCRYPTION: 563.58306303540769
  CPU_COMPRESSION: 22053.593330487263
  CPU_SINGLETHREAD: 2228.2143346627081
  CPU_PHYSICS: 151.76631206632607
  CPU_MATRIX_MULT_SSE: 1634.5044781201311
  CPU_mm: 183.66788567019054
  CPU_sse: 786.47186269022552
  CPU_fma: 2455.8619756612788
  CPU_avx: 1661.1795960088891
  CPU_avx512: 0
  m_CPU_enc_SHA: 305125206.26678336
  m_CPU_enc_AES: 1201078580.0890558
  m_CPU_enc_ECDSA: 266675235.3604078
  ME_ALLOC_S: 0
  ME_READ_S: 0
  ME_READ_L: 0
  ME_WRITE: 0
  ME_LARGE: 0
  ME_LATENCY: 0
  ME_THREADED: 0
  SUMM_CPU: 1758.2511871302158
  SUMM_ME: 0
SystemInformation:
  OSName: Ubuntu 22.04.4 LTS
  Kernel: 5.15.0-125-generic
  Device: ""
  Processor: Intel Core i3-6100 CPU @ 3.70GHz
  NumSockets: 1
  Manufacturer: GenuineIntel
  NumCores: 2
  NumLogicals: 4
  CPUFrequency: 3700
  Memory: 7800
  MemModuleInfo:
    iNumMemSticks: 4
    DIMM 1:
      manufacturer: 802C0000802C
      modulePartNo: "8ATF1G64AZ-2G3H1    "
      memType: DDR4
      size: 8
      clkspeed: 1200
      moduleVoltage: 1.20000005
    DIMM 2:
      manufacturer: Not Specified
      modulePartNo: Not Specified
      memType: Unknown
      size: 0
      clkspeed: 0
      moduleVoltage: 0
    DIMM 3:
      manufacturer: Not Specified
      modulePartNo: Not Specified
      memType: Unknown
      size: 0
      clkspeed: 0
      moduleVoltage: 0
    DIMM 4:
      manufacturer: Not Specified
      modulePartNo: Not Specified
      memType: Unknown
      size: 0
      clkspeed: 0
      moduleVoltage: 0
Checksum: 2FD3AFD3AD50C282E7F986BBB2874447F22B3ABD