BaselineInfo:
  WebDBID: -1
  TimeStamp: 20241209153741
Version:
  Major: 11
  Minor: 0
  Build: 1002
  SpecialBuildName: ""
  ptArchitecture: x86_64_linux
Results:
  Results Complete: true
  NumTestProcesses: 1
  CPU_INTEGER_MATH: 4409.8312999999998
  CPU_FLOATINGPOINT_MATH: 3644.2963850968567
  CPU_PRIME: 9.4767554655505517
  CPU_SORTING: 2672.7752780784372
  CPU_ENCRYPTION: 563.20265736605609
  CPU_COMPRESSION: 21961.965358889836
  CPU_SINGLETHREAD: 2217.4499527294975
  CPU_PHYSICS: 151.6441556257881
  CPU_MATRIX_MULT_SSE: 1623.6673048845817
  CPU_mm: 205.15527840601555
  CPU_sse: 791.38380552485307
  CPU_fma: 2454.4930691730269
  CPU_avx: 1625.1250399558655
  CPU_avx512: 0
  m_CPU_enc_SHA: 304625379.33427858
  m_CPU_enc_AES: 1201242624.5113449
  m_CPU_enc_ECDSA: 265814365.10518554
  ME_ALLOC_S: 0
  ME_READ_S: 0
  ME_READ_L: 0
  ME_WRITE: 0
  ME_LARGE: 0
  ME_LATENCY: 0
  ME_THREADED: 0
  SUMM_CPU: 1758.5228781569956
  SUMM_ME: 0
SystemInformation:
  OSName: Ubuntu 22.04.4 LTS
  Kernel: 5.15.0-125-generic
  Device: ""
  Processor: Intel Core i3-6100 CPU @ 3.70GHz
  NumSockets: 1
  Manufacturer: GenuineIntel
  NumCores: 2
  NumLogicals: 4
  CPUFrequency: 3700
  Memory: 7800
  MemModuleInfo:
    iNumMemSticks: 4
    DIMM 1:
      manufacturer: 802C0000802C
      modulePartNo: "8ATF1G64AZ-2G3H1    "
      memType: DDR4
      size: 8
      clkspeed: 1200
      moduleVoltage: 1.20000005
    DIMM 2:
      manufacturer: Not Specified
      modulePartNo: Not Specified
      memType: Unknown
      size: 0
      clkspeed: 0
      moduleVoltage: 0
    DIMM 3:
      manufacturer: Not Specified
      modulePartNo: Not Specified
      memType: Unknown
      size: 0
      clkspeed: 0
      moduleVoltage: 0
    DIMM 4:
      manufacturer: Not Specified
      modulePartNo: Not Specified
      memType: Unknown
      size: 0
      clkspeed: 0
      moduleVoltage: 0
Checksum: D3946C359C15E43D048FC322F078A3A7F51B73F4