BaselineInfo:
  WebDBID: -1
  TimeStamp: 20241213101142
Version:
  Major: 11
  Minor: 0
  Build: 1002
  SpecialBuildName: ""
  ptArchitecture: x86_64_linux
Results:
  Results Complete: true
  NumTestProcesses: 1
  CPU_INTEGER_MATH: 4454.6394
  CPU_FLOATINGPOINT_MATH: 3729.1282657513825
  CPU_PRIME: 10.183725782081767
  CPU_SORTING: 2769.3457239542086
  CPU_ENCRYPTION: 573.54075050320159
  CPU_COMPRESSION: 22550.686500526794
  CPU_SINGLETHREAD: 2295.207516906712
  CPU_PHYSICS: 161.09310586103692
  CPU_MATRIX_MULT_SSE: 1682.826635660281
  CPU_mm: 212.0617557226642
  CPU_sse: 814.70228695535195
  CPU_fma: 2526.8161596503683
  CPU_avx: 1706.9614603751224
  CPU_avx512: 0
  m_CPU_enc_SHA: 314256854.8473385
  m_CPU_enc_AES: 1213651067.8726671
  m_CPU_enc_ECDSA: 276295275.27892971
  ME_ALLOC_S: 0
  ME_READ_S: 0
  ME_READ_L: 0
  ME_WRITE: 0
  ME_LARGE: 0
  ME_LATENCY: 0
  ME_THREADED: 0
  SUMM_CPU: 1805.5989208751323
  SUMM_ME: 0
SystemInformation:
  OSName: Ubuntu 22.04.4 LTS
  Kernel: 5.15.0-125-generic
  Device: ""
  Processor: Intel Core i3-6100 CPU @ 3.70GHz
  NumSockets: 1
  Manufacturer: GenuineIntel
  NumCores: 2
  NumLogicals: 4
  CPUFrequency: 3700
  Memory: 7800
  MemModuleInfo:
    iNumMemSticks: 4
    DIMM 1:
      manufacturer: 802C0000802C
      modulePartNo: "8ATF1G64AZ-2G3H1    "
      memType: DDR4
      size: 8
      clkspeed: 1200
      moduleVoltage: 1.20000005
    DIMM 2:
      manufacturer: Not Specified
      modulePartNo: Not Specified
      memType: Unknown
      size: 0
      clkspeed: 0
      moduleVoltage: 0
    DIMM 3:
      manufacturer: Not Specified
      modulePartNo: Not Specified
      memType: Unknown
      size: 0
      clkspeed: 0
      moduleVoltage: 0
    DIMM 4:
      manufacturer: Not Specified
      modulePartNo: Not Specified
      memType: Unknown
      size: 0
      clkspeed: 0
      moduleVoltage: 0
Checksum: 042277C1C6B8B37329BC6DF26DFDD8BF80602924