BaselineInfo:
  WebDBID: -1
  TimeStamp: 20241209150802
Version:
  Major: 11
  Minor: 0
  Build: 1002
  SpecialBuildName: ""
  ptArchitecture: x86_64_linux
Results:
  Results Complete: true
  NumTestProcesses: 1
  CPU_INTEGER_MATH: 4408.8585999999996
  CPU_FLOATINGPOINT_MATH: 3642.3853782117735
  CPU_PRIME: 9.1338309084004745
  CPU_SORTING: 2661.7110814990938
  CPU_ENCRYPTION: 562.84902040237432
  CPU_COMPRESSION: 22085.442821266421
  CPU_SINGLETHREAD: 2218.1503193234598
  CPU_PHYSICS: 151.80543046168444
  CPU_MATRIX_MULT_SSE: 1608.1377266191523
  CPU_mm: 205.47794995571229
  CPU_sse: 791.103495592326
  CPU_fma: 2455.21810479131
  CPU_avx: 1578.0915794738212
  CPU_avx512: 0
  m_CPU_enc_SHA: 304584789.54597014
  m_CPU_enc_AES: 1201055610.5451217
  m_CPU_enc_ECDSA: 264929523.16122851
  ME_ALLOC_S: 0
  ME_READ_S: 0
  ME_READ_L: 0
  ME_WRITE: 0
  ME_LARGE: 0
  ME_LATENCY: 0
  ME_THREADED: 0
  SUMM_CPU: 1754.4469292012932
  SUMM_ME: 0
SystemInformation:
  OSName: Ubuntu 22.04.4 LTS
  Kernel: 5.15.0-125-generic
  Device: ""
  Processor: Intel Core i3-6100 CPU @ 3.70GHz
  NumSockets: 1
  Manufacturer: GenuineIntel
  NumCores: 2
  NumLogicals: 4
  CPUFrequency: 3700
  Memory: 7800
  MemModuleInfo:
    iNumMemSticks: 4
    DIMM 1:
      manufacturer: 802C0000802C
      modulePartNo: "8ATF1G64AZ-2G3H1    "
      memType: DDR4
      size: 8
      clkspeed: 1200
      moduleVoltage: 1.20000005
    DIMM 2:
      manufacturer: Not Specified
      modulePartNo: Not Specified
      memType: Unknown
      size: 0
      clkspeed: 0
      moduleVoltage: 0
    DIMM 3:
      manufacturer: Not Specified
      modulePartNo: Not Specified
      memType: Unknown
      size: 0
      clkspeed: 0
      moduleVoltage: 0
    DIMM 4:
      manufacturer: Not Specified
      modulePartNo: Not Specified
      memType: Unknown
      size: 0
      clkspeed: 0
      moduleVoltage: 0
Checksum: 7AE1F30DAD3075452B59C6F10FBB0AC847A99E33