BaselineInfo:
  WebDBID: -1
  TimeStamp: 20241213091955
Version:
  Major: 11
  Minor: 0
  Build: 1002
  SpecialBuildName: ""
  ptArchitecture: x86_64_linux
Results:
  Results Complete: true
  NumTestProcesses: 1
  CPU_INTEGER_MATH: 4454.5825999999997
  CPU_FLOATINGPOINT_MATH: 3728.9096636523486
  CPU_PRIME: 9.8582370014216441
  CPU_SORTING: 2763.6811257568379
  CPU_ENCRYPTION: 573.67440719495153
  CPU_COMPRESSION: 22649.089434730282
  CPU_SINGLETHREAD: 2282.7211679269121
  CPU_PHYSICS: 161.41555338411393
  CPU_MATRIX_MULT_SSE: 1669.6071082864198
  CPU_mm: 211.84165725185412
  CPU_sse: 813.80514630334642
  CPU_fma: 2531.4619985002118
  CPU_avx: 1663.554180055701
  CPU_avx512: 0
  m_CPU_enc_SHA: 314762486.77376819
  m_CPU_enc_AES: 1214223283.5790548
  m_CPU_enc_ECDSA: 275637875.24373734
  ME_ALLOC_S: 0
  ME_READ_S: 0
  ME_READ_L: 0
  ME_WRITE: 0
  ME_LARGE: 0
  ME_LATENCY: 0
  ME_THREADED: 0
  SUMM_CPU: 1802.7647058416585
  SUMM_ME: 0
SystemInformation:
  OSName: Ubuntu 22.04.4 LTS
  Kernel: 5.15.0-125-generic
  Device: ""
  Processor: Intel Core i3-6100 CPU @ 3.70GHz
  NumSockets: 1
  Manufacturer: GenuineIntel
  NumCores: 2
  NumLogicals: 4
  CPUFrequency: 3700
  Memory: 7800
  MemModuleInfo:
    iNumMemSticks: 4
    DIMM 1:
      manufacturer: 802C0000802C
      modulePartNo: "8ATF1G64AZ-2G3H1    "
      memType: DDR4
      size: 8
      clkspeed: 1200
      moduleVoltage: 1.20000005
    DIMM 2:
      manufacturer: Not Specified
      modulePartNo: Not Specified
      memType: Unknown
      size: 0
      clkspeed: 0
      moduleVoltage: 0
    DIMM 3:
      manufacturer: Not Specified
      modulePartNo: Not Specified
      memType: Unknown
      size: 0
      clkspeed: 0
      moduleVoltage: 0
    DIMM 4:
      manufacturer: Not Specified
      modulePartNo: Not Specified
      memType: Unknown
      size: 0
      clkspeed: 0
      moduleVoltage: 0
Checksum: B6D0912A2439C457A248DD4A7E422EFED20D7226