BaselineInfo:
  WebDBID: -1
  TimeStamp: 20241213093101
Version:
  Major: 11
  Minor: 0
  Build: 1002
  SpecialBuildName: ""
  ptArchitecture: x86_64_linux
Results:
  Results Complete: true
  NumTestProcesses: 1
  CPU_INTEGER_MATH: 4454.7601000000004
  CPU_FLOATINGPOINT_MATH: 3731.6114324362738
  CPU_PRIME: 10.209588078360651
  CPU_SORTING: 2767.2219677614539
  CPU_ENCRYPTION: 573.65165514767443
  CPU_COMPRESSION: 22567.990240432398
  CPU_SINGLETHREAD: 2278.8027456496184
  CPU_PHYSICS: 161.34843729374671
  CPU_MATRIX_MULT_SSE: 1673.631841751434
  CPU_mm: 212.19560373148187
  CPU_sse: 802.01920415634379
  CPU_fma: 2528.8504496913893
  CPU_avx: 1690.025871406569
  CPU_avx512: 0
  m_CPU_enc_SHA: 314641431.56143129
  m_CPU_enc_AES: 1213845690.4791853
  m_CPU_enc_ECDSA: 276064951.80376703
  ME_ALLOC_S: 0
  ME_READ_S: 0
  ME_READ_L: 0
  ME_WRITE: 0
  ME_LARGE: 0
  ME_LATENCY: 0
  ME_THREADED: 0
  SUMM_CPU: 1805.1153667863093
  SUMM_ME: 0
SystemInformation:
  OSName: Ubuntu 22.04.4 LTS
  Kernel: 5.15.0-125-generic
  Device: ""
  Processor: Intel Core i3-6100 CPU @ 3.70GHz
  NumSockets: 1
  Manufacturer: GenuineIntel
  NumCores: 2
  NumLogicals: 4
  CPUFrequency: 3700
  Memory: 7800
  MemModuleInfo:
    iNumMemSticks: 4
    DIMM 1:
      manufacturer: 802C0000802C
      modulePartNo: "8ATF1G64AZ-2G3H1    "
      memType: DDR4
      size: 8
      clkspeed: 1200
      moduleVoltage: 1.20000005
    DIMM 2:
      manufacturer: Not Specified
      modulePartNo: Not Specified
      memType: Unknown
      size: 0
      clkspeed: 0
      moduleVoltage: 0
    DIMM 3:
      manufacturer: Not Specified
      modulePartNo: Not Specified
      memType: Unknown
      size: 0
      clkspeed: 0
      moduleVoltage: 0
    DIMM 4:
      manufacturer: Not Specified
      modulePartNo: Not Specified
      memType: Unknown
      size: 0
      clkspeed: 0
      moduleVoltage: 0
Checksum: 41AFF74D4D8832BBCBF9130451C982C99AA65BFD