version https://git-lfs.github.com/spec/v1
oid sha256:3d2582f44b1481c45d3e12c31842989bdeae7a2608abbf1c29ec034109b13a12
size 923432489
