BaselineInfo:
  WebDBID: -1
  TimeStamp: 20241213104458
Version:
  Major: 11
  Minor: 0
  Build: 1002
  SpecialBuildName: ""
  ptArchitecture: x86_64_linux
Results:
  Results Complete: true
  NumTestProcesses: 1
  CPU_INTEGER_MATH: 4454.8027000000002
  CPU_FLOATINGPOINT_MATH: 3730.1049340435179
  CPU_PRIME: 10.100597549136449
  CPU_SORTING: 2751.8800418524324
  CPU_ENCRYPTION: 573.77837205740866
  CPU_COMPRESSION: 22398.191879235434
  CPU_SINGLETHREAD: 2290.2148654474718
  CPU_PHYSICS: 161.35778751495394
  CPU_MATRIX_MULT_SSE: 1679.0993369338621
  CPU_mm: 211.39096197942058
  CPU_sse: 802.33583652064408
  CPU_fma: 2526.3411754984118
  CPU_avx: 1708.6209987825305
  CPU_avx512: 0
  m_CPU_enc_SHA: 314292521.42526954
  m_CPU_enc_AES: 1214176214.6237617
  m_CPU_enc_ECDSA: 276481954.72637671
  ME_ALLOC_S: 0
  ME_READ_S: 0
  ME_READ_L: 0
  ME_WRITE: 0
  ME_LARGE: 0
  ME_LATENCY: 0
  ME_THREADED: 0
  SUMM_CPU: 1801.7810106051795
  SUMM_ME: 0
SystemInformation:
  OSName: Ubuntu 22.04.4 LTS
  Kernel: 5.15.0-125-generic
  Device: ""
  Processor: Intel Core i3-6100 CPU @ 3.70GHz
  NumSockets: 1
  Manufacturer: GenuineIntel
  NumCores: 2
  NumLogicals: 4
  CPUFrequency: 3700
  Memory: 7800
  MemModuleInfo:
    iNumMemSticks: 4
    DIMM 1:
      manufacturer: 802C0000802C
      modulePartNo: "8ATF1G64AZ-2G3H1    "
      memType: DDR4
      size: 8
      clkspeed: 1200
      moduleVoltage: 1.20000005
    DIMM 2:
      manufacturer: Not Specified
      modulePartNo: Not Specified
      memType: Unknown
      size: 0
      clkspeed: 0
      moduleVoltage: 0
    DIMM 3:
      manufacturer: Not Specified
      modulePartNo: Not Specified
      memType: Unknown
      size: 0
      clkspeed: 0
      moduleVoltage: 0
    DIMM 4:
      manufacturer: Not Specified
      modulePartNo: Not Specified
      memType: Unknown
      size: 0
      clkspeed: 0
      moduleVoltage: 0
Checksum: 16F8EDEA43AB020A552E7445CC922172515FCB48