BaselineInfo:
  WebDBID: -1
  TimeStamp: 20241213091231
Version:
  Major: 11
  Minor: 0
  Build: 1002
  SpecialBuildName: ""
  ptArchitecture: x86_64_linux
Results:
  Results Complete: true
  NumTestProcesses: 1
  CPU_INTEGER_MATH: 4454.9021000000002
  CPU_FLOATINGPOINT_MATH: 3729.4029954422458
  CPU_PRIME: 10.655182618891168
  CPU_SORTING: 2758.561927812767
  CPU_ENCRYPTION: 573.64654441523862
  CPU_COMPRESSION: 22491.196395830502
  CPU_SINGLETHREAD: 2294.7399068733562
  CPU_PHYSICS: 162.77030833381943
  CPU_MATRIX_MULT_SSE: 1678.0266860499323
  CPU_mm: 213.57601776254145
  CPU_sse: 799.55929966600945
  CPU_fma: 2523.8010041431444
  CPU_avx: 1710.7197543406435
  CPU_avx512: 0
  m_CPU_enc_SHA: 314408903.82618231
  m_CPU_enc_AES: 1213950034.5211935
  m_CPU_enc_ECDSA: 276177058.52288383
  ME_ALLOC_S: 0
  ME_READ_S: 0
  ME_READ_L: 0
  ME_WRITE: 0
  ME_LARGE: 0
  ME_LATENCY: 0
  ME_THREADED: 0
  SUMM_CPU: 1807.7037236136048
  SUMM_ME: 0
SystemInformation:
  OSName: Ubuntu 22.04.4 LTS
  Kernel: 5.15.0-125-generic
  Device: ""
  Processor: Intel Core i3-6100 CPU @ 3.70GHz
  NumSockets: 1
  Manufacturer: GenuineIntel
  NumCores: 2
  NumLogicals: 4
  CPUFrequency: 3700
  Memory: 7800
  MemModuleInfo:
    iNumMemSticks: 4
    DIMM 1:
      manufacturer: 802C0000802C
      modulePartNo: "8ATF1G64AZ-2G3H1    "
      memType: DDR4
      size: 8
      clkspeed: 1200
      moduleVoltage: 1.20000005
    DIMM 2:
      manufacturer: Not Specified
      modulePartNo: Not Specified
      memType: Unknown
      size: 0
      clkspeed: 0
      moduleVoltage: 0
    DIMM 3:
      manufacturer: Not Specified
      modulePartNo: Not Specified
      memType: Unknown
      size: 0
      clkspeed: 0
      moduleVoltage: 0
    DIMM 4:
      manufacturer: Not Specified
      modulePartNo: Not Specified
      memType: Unknown
      size: 0
      clkspeed: 0
      moduleVoltage: 0
Checksum: F4C36F089717EDF0EE15C24FF76547EA7F0B6C43