BaselineInfo:
  WebDBID: -1
  TimeStamp: 20241213103011
Version:
  Major: 11
  Minor: 0
  Build: 1002
  SpecialBuildName: ""
  ptArchitecture: x86_64_linux
Results:
  Results Complete: true
  NumTestProcesses: 1
  CPU_INTEGER_MATH: 4454.9943999999996
  CPU_FLOATINGPOINT_MATH: 3730.9173604751054
  CPU_PRIME: 10.139852049085913
  CPU_SORTING: 2768.1198462880047
  CPU_ENCRYPTION: 573.48395030449126
  CPU_COMPRESSION: 22502.969731863886
  CPU_SINGLETHREAD: 2266.1211455370972
  CPU_PHYSICS: 161.46727623941527
  CPU_MATRIX_MULT_SSE: 1682.1261602664533
  CPU_mm: 212.89412114173879
  CPU_sse: 815.23544678672329
  CPU_fma: 2525.5766278500869
  CPU_avx: 1705.5664061625494
  CPU_avx512: 0
  m_CPU_enc_SHA: 314720428.9178772
  m_CPU_enc_AES: 1213990966.7038651
  m_CPU_enc_ECDSA: 275313124.40170419
  ME_ALLOC_S: 0
  ME_READ_S: 0
  ME_READ_L: 0
  ME_WRITE: 0
  ME_LARGE: 0
  ME_LATENCY: 0
  ME_THREADED: 0
  SUMM_CPU: 1804.5474638418641
  SUMM_ME: 0
SystemInformation:
  OSName: Ubuntu 22.04.4 LTS
  Kernel: 5.15.0-125-generic
  Device: ""
  Processor: Intel Core i3-6100 CPU @ 3.70GHz
  NumSockets: 1
  Manufacturer: GenuineIntel
  NumCores: 2
  NumLogicals: 4
  CPUFrequency: 3700
  Memory: 7800
  MemModuleInfo:
    iNumMemSticks: 4
    DIMM 1:
      manufacturer: 802C0000802C
      modulePartNo: "8ATF1G64AZ-2G3H1    "
      memType: DDR4
      size: 8
      clkspeed: 1200
      moduleVoltage: 1.20000005
    DIMM 2:
      manufacturer: Not Specified
      modulePartNo: Not Specified
      memType: Unknown
      size: 0
      clkspeed: 0
      moduleVoltage: 0
    DIMM 3:
      manufacturer: Not Specified
      modulePartNo: Not Specified
      memType: Unknown
      size: 0
      clkspeed: 0
      moduleVoltage: 0
    DIMM 4:
      manufacturer: Not Specified
      modulePartNo: Not Specified
      memType: Unknown
      size: 0
      clkspeed: 0
      moduleVoltage: 0
Checksum: 1198124A0E579C882D71699ABC486910876732B1