BaselineInfo:
  WebDBID: -1
  TimeStamp: 20241213092337
Version:
  Major: 11
  Minor: 0
  Build: 1002
  SpecialBuildName: ""
  ptArchitecture: x86_64_linux
Results:
  Results Complete: true
  NumTestProcesses: 1
  CPU_INTEGER_MATH: 4455.1151
  CPU_FLOATINGPOINT_MATH: 3729.0006710412549
  CPU_PRIME: 9.9321636654820615
  CPU_SORTING: 2769.7023431049183
  CPU_ENCRYPTION: 573.56092250612153
  CPU_COMPRESSION: 22630.443711015218
  CPU_SINGLETHREAD: 2285.4640177837705
  CPU_PHYSICS: 162.40085522225934
  CPU_MATRIX_MULT_SSE: 1683.191664125603
  CPU_mm: 211.89262401775792
  CPU_sse: 814.17021162968251
  CPU_fma: 2527.5661262678104
  CPU_avx: 1707.8386544793163
  CPU_avx512: 0
  m_CPU_enc_SHA: 314213358.78606093
  m_CPU_enc_AES: 1213703474.1389887
  m_CPU_enc_ECDSA: 276349820.70828706
  ME_ALLOC_S: 0
  ME_READ_S: 0
  ME_READ_L: 0
  ME_WRITE: 0
  ME_LARGE: 0
  ME_LATENCY: 0
  ME_THREADED: 0
  SUMM_CPU: 1805.3759849544008
  SUMM_ME: 0
SystemInformation:
  OSName: Ubuntu 22.04.4 LTS
  Kernel: 5.15.0-125-generic
  Device: ""
  Processor: Intel Core i3-6100 CPU @ 3.70GHz
  NumSockets: 1
  Manufacturer: GenuineIntel
  NumCores: 2
  NumLogicals: 4
  CPUFrequency: 3700
  Memory: 7800
  MemModuleInfo:
    iNumMemSticks: 4
    DIMM 1:
      manufacturer: 802C0000802C
      modulePartNo: "8ATF1G64AZ-2G3H1    "
      memType: DDR4
      size: 8
      clkspeed: 1200
      moduleVoltage: 1.20000005
    DIMM 2:
      manufacturer: Not Specified
      modulePartNo: Not Specified
      memType: Unknown
      size: 0
      clkspeed: 0
      moduleVoltage: 0
    DIMM 3:
      manufacturer: Not Specified
      modulePartNo: Not Specified
      memType: Unknown
      size: 0
      clkspeed: 0
      moduleVoltage: 0
    DIMM 4:
      manufacturer: Not Specified
      modulePartNo: Not Specified
      memType: Unknown
      size: 0
      clkspeed: 0
      moduleVoltage: 0
Checksum: 525B7A714651602CF7905B2462CE4D9723933D4D