BaselineInfo:
  WebDBID: -1
  TimeStamp: 20241213100800
Version:
  Major: 11
  Minor: 0
  Build: 1002
  SpecialBuildName: ""
  ptArchitecture: x86_64_linux
Results:
  Results Complete: true
  NumTestProcesses: 1
  CPU_INTEGER_MATH: 4454.8807999999999
  CPU_FLOATINGPOINT_MATH: 3731.599177423825
  CPU_PRIME: 10.34624649114062
  CPU_SORTING: 2765.2170624365303
  CPU_ENCRYPTION: 573.00970292907868
  CPU_COMPRESSION: 22678.413839706114
  CPU_SINGLETHREAD: 2270.0438440816911
  CPU_PHYSICS: 161.06781799653717
  CPU_MATRIX_MULT_SSE: 1678.5775231217401
  CPU_mm: 212.01648104241312
  CPU_sse: 799.4032853321645
  CPU_fma: 2529.0899179310322
  CPU_avx: 1707.2393661020233
  CPU_avx512: 0
  m_CPU_enc_SHA: 314450303.34995449
  m_CPU_enc_AES: 1213447411.6738193
  m_CPU_enc_ECDSA: 274634951.75191128
  ME_ALLOC_S: 0
  ME_READ_S: 0
  ME_READ_L: 0
  ME_WRITE: 0
  ME_LARGE: 0
  ME_LATENCY: 0
  ME_THREADED: 0
  SUMM_CPU: 1807.1032627435229
  SUMM_ME: 0
SystemInformation:
  OSName: Ubuntu 22.04.4 LTS
  Kernel: 5.15.0-125-generic
  Device: ""
  Processor: Intel Core i3-6100 CPU @ 3.70GHz
  NumSockets: 1
  Manufacturer: GenuineIntel
  NumCores: 2
  NumLogicals: 4
  CPUFrequency: 3700
  Memory: 7800
  MemModuleInfo:
    iNumMemSticks: 4
    DIMM 1:
      manufacturer: 802C0000802C
      modulePartNo: "8ATF1G64AZ-2G3H1    "
      memType: DDR4
      size: 8
      clkspeed: 1200
      moduleVoltage: 1.20000005
    DIMM 2:
      manufacturer: Not Specified
      modulePartNo: Not Specified
      memType: Unknown
      size: 0
      clkspeed: 0
      moduleVoltage: 0
    DIMM 3:
      manufacturer: Not Specified
      modulePartNo: Not Specified
      memType: Unknown
      size: 0
      clkspeed: 0
      moduleVoltage: 0
    DIMM 4:
      manufacturer: Not Specified
      modulePartNo: Not Specified
      memType: Unknown
      size: 0
      clkspeed: 0
      moduleVoltage: 0
Checksum: FC34B14050827F62BEA60793185C634BF2D105B7