BaselineInfo:
  WebDBID: -1
  TimeStamp: 20241213095654
Version:
  Major: 11
  Minor: 0
  Build: 1002
  SpecialBuildName: ""
  ptArchitecture: x86_64_linux
Results:
  Results Complete: true
  NumTestProcesses: 1
  CPU_INTEGER_MATH: 4453.3188
  CPU_FLOATINGPOINT_MATH: 3728.8999269890442
  CPU_PRIME: 10.285439355271537
  CPU_SORTING: 2757.045389667604
  CPU_ENCRYPTION: 573.59481081671061
  CPU_COMPRESSION: 22573.560587984532
  CPU_SINGLETHREAD: 2295.3684162464674
  CPU_PHYSICS: 161.82791093781228
  CPU_MATRIX_MULT_SSE: 1678.2550838197894
  CPU_mm: 213.38471354589097
  CPU_sse: 800.56647805889531
  CPU_fma: 2525.1711931781679
  CPU_avx: 1709.0275802223048
  CPU_avx512: 0
  m_CPU_enc_SHA: 314070814.21060258
  m_CPU_enc_AES: 1214115813.2903123
  m_CPU_enc_ECDSA: 276186629.53991461
  ME_ALLOC_S: 0
  ME_READ_S: 0
  ME_READ_L: 0
  ME_WRITE: 0
  ME_LARGE: 0
  ME_LATENCY: 0
  ME_THREADED: 0
  SUMM_CPU: 1805.5091790538793
  SUMM_ME: 0
SystemInformation:
  OSName: Ubuntu 22.04.4 LTS
  Kernel: 5.15.0-125-generic
  Device: ""
  Processor: Intel Core i3-6100 CPU @ 3.70GHz
  NumSockets: 1
  Manufacturer: GenuineIntel
  NumCores: 2
  NumLogicals: 4
  CPUFrequency: 3700
  Memory: 7800
  MemModuleInfo:
    iNumMemSticks: 4
    DIMM 1:
      manufacturer: 802C0000802C
      modulePartNo: "8ATF1G64AZ-2G3H1    "
      memType: DDR4
      size: 8
      clkspeed: 1200
      moduleVoltage: 1.20000005
    DIMM 2:
      manufacturer: Not Specified
      modulePartNo: Not Specified
      memType: Unknown
      size: 0
      clkspeed: 0
      moduleVoltage: 0
    DIMM 3:
      manufacturer: Not Specified
      modulePartNo: Not Specified
      memType: Unknown
      size: 0
      clkspeed: 0
      moduleVoltage: 0
    DIMM 4:
      manufacturer: Not Specified
      modulePartNo: Not Specified
      memType: Unknown
      size: 0
      clkspeed: 0
      moduleVoltage: 0
Checksum: CED7EF57B692E859FEB687315CFA546857868BFF