BaselineInfo:
  WebDBID: -1
  TimeStamp: 20241209160719
Version:
  Major: 11
  Minor: 0
  Build: 1002
  SpecialBuildName: ""
  ptArchitecture: x86_64_linux
Results:
  Results Complete: true
  NumTestProcesses: 1
  CPU_INTEGER_MATH: 4410.1720999999998
  CPU_FLOATINGPOINT_MATH: 3642.08716167481
  CPU_PRIME: 9.1207956310000924
  CPU_SORTING: 2673.4458381116096
  CPU_ENCRYPTION: 563.75196044403219
  CPU_COMPRESSION: 22178.201054944901
  CPU_SINGLETHREAD: 2226.3287537385254
  CPU_PHYSICS: 151.63844773196473
  CPU_MATRIX_MULT_SSE: 1633.1387338112152
  CPU_mm: 205.25496562375741
  CPU_sse: 779.70957171356235
  CPU_fma: 2455.8337774471602
  CPU_avx: 1663.8728522729223
  CPU_avx512: 0
  m_CPU_enc_SHA: 304829239.69095176
  m_CPU_enc_AES: 1201436288.7799294
  m_CPU_enc_ECDSA: 267144798.55280331
  ME_ALLOC_S: 0
  ME_READ_S: 0
  ME_READ_L: 0
  ME_WRITE: 0
  ME_LARGE: 0
  ME_LATENCY: 0
  ME_THREADED: 0
  SUMM_CPU: 1759.6833988610967
  SUMM_ME: 0
SystemInformation:
  OSName: Ubuntu 22.04.4 LTS
  Kernel: 5.15.0-125-generic
  Device: ""
  Processor: Intel Core i3-6100 CPU @ 3.70GHz
  NumSockets: 1
  Manufacturer: GenuineIntel
  NumCores: 2
  NumLogicals: 4
  CPUFrequency: 3700
  Memory: 7800
  MemModuleInfo:
    iNumMemSticks: 4
    DIMM 1:
      manufacturer: 802C0000802C
      modulePartNo: "8ATF1G64AZ-2G3H1    "
      memType: DDR4
      size: 8
      clkspeed: 1200
      moduleVoltage: 1.20000005
    DIMM 2:
      manufacturer: Not Specified
      modulePartNo: Not Specified
      memType: Unknown
      size: 0
      clkspeed: 0
      moduleVoltage: 0
    DIMM 3:
      manufacturer: Not Specified
      modulePartNo: Not Specified
      memType: Unknown
      size: 0
      clkspeed: 0
      moduleVoltage: 0
    DIMM 4:
      manufacturer: Not Specified
      modulePartNo: Not Specified
      memType: Unknown
      size: 0
      clkspeed: 0
      moduleVoltage: 0
Checksum: D5EB19DE0BCF0FBAF57BDBDB80DACD9C6EF782D0