BaselineInfo:
  WebDBID: -1
  TimeStamp: 20241210120920
Version:
  Major: 11
  Minor: 0
  Build: 1002
  SpecialBuildName: ""
  ptArchitecture: x86_64_linux
Results:
  Results Complete: true
  NumTestProcesses: 1
  CPU_INTEGER_MATH: 4409.9661999999998
  CPU_FLOATINGPOINT_MATH: 3644.6399181778334
  CPU_PRIME: 9.2586875730464833
  CPU_SORTING: 2672.5612261449783
  CPU_ENCRYPTION: 563.87801598586225
  CPU_COMPRESSION: 22111.31762013783
  CPU_SINGLETHREAD: 2221.7110542301525
  CPU_PHYSICS: 150.67555400548198
  CPU_MATRIX_MULT_SSE: 1635.8523439666169
  CPU_mm: 204.93571864457479
  CPU_sse: 791.05291158076079
  CPU_fma: 2454.5848014240901
  CPU_avx: 1661.9193188950003
  CPU_avx512: 0
  m_CPU_enc_SHA: 305383557.76844507
  m_CPU_enc_AES: 1201686522.964628
  m_CPU_enc_ECDSA: 266736782.73810157
  ME_ALLOC_S: 805.94047690635568
  ME_READ_S: 23155.339160156251
  ME_READ_L: 11765.9619140625
  ME_WRITE: 5743.21923828125
  ME_LARGE: 1522.75
  ME_LATENCY: 54.226012375477758
  ME_THREADED: 14013.244873046875
  SUMM_CPU: 1759.9276526182662
  SUMM_ME: 1313.2515025594016
SystemInformation:
  OSName: Ubuntu 22.04.4 LTS
  Kernel: 5.15.0-125-generic
  Device: ""
  Processor: Intel Core i3-6100 CPU @ 3.70GHz
  NumSockets: 1
  Manufacturer: GenuineIntel
  NumCores: 2
  NumLogicals: 4
  CPUFrequency: 3700
  Memory: 7800
  MemModuleInfo:
    iNumMemSticks: 4
    DIMM 1:
      manufacturer: 802C0000802C
      modulePartNo: "8ATF1G64AZ-2G3H1    "
      memType: DDR4
      size: 8
      clkspeed: 1200
      moduleVoltage: 1.20000005
    DIMM 2:
      manufacturer: Not Specified
      modulePartNo: Not Specified
      memType: Unknown
      size: 0
      clkspeed: 0
      moduleVoltage: 0
    DIMM 3:
      manufacturer: Not Specified
      modulePartNo: Not Specified
      memType: Unknown
      size: 0
      clkspeed: 0
      moduleVoltage: 0
    DIMM 4:
      manufacturer: Not Specified
      modulePartNo: Not Specified
      memType: Unknown
      size: 0
      clkspeed: 0
      moduleVoltage: 0
Checksum: 324D6B7DC5B928E6161949FDBCE5CE05A221B787