BaselineInfo:
  WebDBID: -1
  TimeStamp: 20241213101523
Version:
  Major: 11
  Minor: 0
  Build: 1002
  SpecialBuildName: ""
  ptArchitecture: x86_64_linux
Results:
  Results Complete: true
  NumTestProcesses: 1
  CPU_INTEGER_MATH: 4454.9660000000003
  CPU_FLOATINGPOINT_MATH: 3728.4885753585636
  CPU_PRIME: 10.10029374726834
  CPU_SORTING: 2763.205621409993
  CPU_ENCRYPTION: 573.52895134234086
  CPU_COMPRESSION: 22682.074544845254
  CPU_SINGLETHREAD: 2276.4403040785078
  CPU_PHYSICS: 161.06260869593598
  CPU_MATRIX_MULT_SSE: 1683.7545307247262
  CPU_mm: 213.68793176036593
  CPU_sse: 814.81969066467059
  CPU_fma: 2527.8381000131226
  CPU_avx: 1708.6058014963855
  CPU_avx512: 0
  m_CPU_enc_SHA: 314909762.98769265
  m_CPU_enc_AES: 1213639847.9178989
  m_CPU_enc_ECDSA: 275616470.14264762
  ME_ALLOC_S: 0
  ME_READ_S: 0
  ME_READ_L: 0
  ME_WRITE: 0
  ME_LARGE: 0
  ME_LATENCY: 0
  ME_THREADED: 0
  SUMM_CPU: 1806.0590894323486
  SUMM_ME: 0
SystemInformation:
  OSName: Ubuntu 22.04.4 LTS
  Kernel: 5.15.0-125-generic
  Device: ""
  Processor: Intel Core i3-6100 CPU @ 3.70GHz
  NumSockets: 1
  Manufacturer: GenuineIntel
  NumCores: 2
  NumLogicals: 4
  CPUFrequency: 3700
  Memory: 7800
  MemModuleInfo:
    iNumMemSticks: 4
    DIMM 1:
      manufacturer: 802C0000802C
      modulePartNo: "8ATF1G64AZ-2G3H1    "
      memType: DDR4
      size: 8
      clkspeed: 1200
      moduleVoltage: 1.20000005
    DIMM 2:
      manufacturer: Not Specified
      modulePartNo: Not Specified
      memType: Unknown
      size: 0
      clkspeed: 0
      moduleVoltage: 0
    DIMM 3:
      manufacturer: Not Specified
      modulePartNo: Not Specified
      memType: Unknown
      size: 0
      clkspeed: 0
      moduleVoltage: 0
    DIMM 4:
      manufacturer: Not Specified
      modulePartNo: Not Specified
      memType: Unknown
      size: 0
      clkspeed: 0
      moduleVoltage: 0
Checksum: 44A33A32C3B7E14BDC15FBD852E9A08D9E5BA106