BaselineInfo:
  WebDBID: -1
  TimeStamp: 20241210113856
Version:
  Major: 11
  Minor: 0
  Build: 1002
  SpecialBuildName: ""
  ptArchitecture: x86_64_linux
Results:
  Results Complete: true
  NumTestProcesses: 1
  CPU_INTEGER_MATH: 4409.9449000000004
  CPU_FLOATINGPOINT_MATH: 3643.5566664323874
  CPU_PRIME: 9.1127046459266108
  CPU_SORTING: 2669.5872460772107
  CPU_ENCRYPTION: 563.96514371625506
  CPU_COMPRESSION: 22250.611011156456
  CPU_SINGLETHREAD: 2193.968696379804
  CPU_PHYSICS: 150.76552314214382
  CPU_MATRIX_MULT_SSE: 1629.3645409453927
  CPU_mm: 204.70964661091185
  CPU_sse: 774.85925554806818
  CPU_fma: 2458.1363897350839
  CPU_avx: 1655.0979775530261
  CPU_avx512: 0
  m_CPU_enc_SHA: 305404907.68040603
  m_CPU_enc_AES: 1201337520.770865
  m_CPU_enc_ECDSA: 267338515.16097674
  ME_ALLOC_S: 813.64099601656585
  ME_READ_S: 23154.222265625001
  ME_READ_L: 11757.75390625
  ME_WRITE: 5735.44189453125
  ME_LARGE: 1550.325
  ME_LATENCY: 54.275285500694878
  ME_THREADED: 14002.346435546875
  SUMM_CPU: 1759.31257877133
  SUMM_ME: 1320.2814562227225
SystemInformation:
  OSName: Ubuntu 22.04.4 LTS
  Kernel: 5.15.0-125-generic
  Device: ""
  Processor: Intel Core i3-6100 CPU @ 3.70GHz
  NumSockets: 1
  Manufacturer: GenuineIntel
  NumCores: 2
  NumLogicals: 4
  CPUFrequency: 3700
  Memory: 7800
  MemModuleInfo:
    iNumMemSticks: 4
    DIMM 1:
      manufacturer: 802C0000802C
      modulePartNo: "8ATF1G64AZ-2G3H1    "
      memType: DDR4
      size: 8
      clkspeed: 1200
      moduleVoltage: 1.20000005
    DIMM 2:
      manufacturer: Not Specified
      modulePartNo: Not Specified
      memType: Unknown
      size: 0
      clkspeed: 0
      moduleVoltage: 0
    DIMM 3:
      manufacturer: Not Specified
      modulePartNo: Not Specified
      memType: Unknown
      size: 0
      clkspeed: 0
      moduleVoltage: 0
    DIMM 4:
      manufacturer: Not Specified
      modulePartNo: Not Specified
      memType: Unknown
      size: 0
      clkspeed: 0
      moduleVoltage: 0
Checksum: DEF46B730E5A7245A4F976E93492ABC0746D8E9E