BaselineInfo:
  WebDBID: -1
  TimeStamp: 20241210113120
Version:
  Major: 11
  Minor: 0
  Build: 1002
  SpecialBuildName: ""
  ptArchitecture: x86_64_linux
Results:
  Results Complete: true
  NumTestProcesses: 1
  CPU_INTEGER_MATH: 4409.6679999999997
  CPU_FLOATINGPOINT_MATH: 3646.3387425668043
  CPU_PRIME: 9.3627615834115723
  CPU_SORTING: 2662.4243965919009
  CPU_ENCRYPTION: 563.62147338948193
  CPU_COMPRESSION: 21659.443563556015
  CPU_SINGLETHREAD: 2222.5591378014301
  CPU_PHYSICS: 150.28582378989429
  CPU_MATRIX_MULT_SSE: 1635.711600970506
  CPU_mm: 205.49960564625678
  CPU_sse: 791.18556295224437
  CPU_fma: 2453.2184039361064
  CPU_avx: 1662.7308360231673
  CPU_avx512: 0
  m_CPU_enc_SHA: 304934838.25758857
  m_CPU_enc_AES: 1201855670.4468305
  m_CPU_enc_ECDSA: 266209341.53812918
  ME_ALLOC_S: 812.97768417399618
  ME_READ_S: 23150.614453124999
  ME_READ_L: 11761.0146484375
  ME_WRITE: 5739.87890625
  ME_LARGE: 1550.1500000000001
  ME_LATENCY: 54.231436533767173
  ME_THREADED: 13988.534423828125
  SUMM_CPU: 1754.0837414905754
  SUMM_ME: 1320.3584999597194
SystemInformation:
  OSName: Ubuntu 22.04.4 LTS
  Kernel: 5.15.0-125-generic
  Device: ""
  Processor: Intel Core i3-6100 CPU @ 3.70GHz
  NumSockets: 1
  Manufacturer: GenuineIntel
  NumCores: 2
  NumLogicals: 4
  CPUFrequency: 3700
  Memory: 7800
  MemModuleInfo:
    iNumMemSticks: 4
    DIMM 1:
      manufacturer: 802C0000802C
      modulePartNo: "8ATF1G64AZ-2G3H1    "
      memType: DDR4
      size: 8
      clkspeed: 1200
      moduleVoltage: 1.20000005
    DIMM 2:
      manufacturer: Not Specified
      modulePartNo: Not Specified
      memType: Unknown
      size: 0
      clkspeed: 0
      moduleVoltage: 0
    DIMM 3:
      manufacturer: Not Specified
      modulePartNo: Not Specified
      memType: Unknown
      size: 0
      clkspeed: 0
      moduleVoltage: 0
    DIMM 4:
      manufacturer: Not Specified
      modulePartNo: Not Specified
      memType: Unknown
      size: 0
      clkspeed: 0
      moduleVoltage: 0
Checksum: AA8AE9B9E167DCE8BE2F457798D321E2972D2EB5