BaselineInfo:
  WebDBID: -1
  TimeStamp: 20241209142336
Version:
  Major: 11
  Minor: 0
  Build: 1002
  SpecialBuildName: ""
  ptArchitecture: x86_64_linux
Results:
  Results Complete: true
  NumTestProcesses: 1
  CPU_INTEGER_MATH: 4409.0573999999997
  CPU_FLOATINGPOINT_MATH: 3635.9157502125877
  CPU_PRIME: 9.2536171015292688
  CPU_SORTING: 2669.0286573181388
  CPU_ENCRYPTION: 563.93855672826749
  CPU_COMPRESSION: 22003.659455678888
  CPU_SINGLETHREAD: 2220.3771766176183
  CPU_PHYSICS: 150.89770872990874
  CPU_MATRIX_MULT_SSE: 1623.503000702188
  CPU_mm: 201.34456490481494
  CPU_sse: 778.42975728059332
  CPU_fma: 2454.2644111490831
  CPU_avx: 1637.8148336768884
  CPU_avx512: 0
  m_CPU_enc_SHA: 304676182.59721434
  m_CPU_enc_AES: 1201617813.2812281
  m_CPU_enc_ECDSA: 267703312.30125722
  ME_ALLOC_S: 0
  ME_READ_S: 0
  ME_READ_L: 0
  ME_WRITE: 0
  ME_LARGE: 0
  ME_LATENCY: 0
  ME_THREADED: 0
  SUMM_CPU: 1756.6071351787764
  SUMM_ME: 0
SystemInformation:
  OSName: Ubuntu 22.04.4 LTS
  Kernel: 5.15.0-125-generic
  Device: ""
  Processor: Intel Core i3-6100 CPU @ 3.70GHz
  NumSockets: 1
  Manufacturer: GenuineIntel
  NumCores: 2
  NumLogicals: 4
  CPUFrequency: 3700
  Memory: 7800
  MemModuleInfo:
    iNumMemSticks: 4
    DIMM 1:
      manufacturer: 802C0000802C
      modulePartNo: "8ATF1G64AZ-2G3H1    "
      memType: DDR4
      size: 8
      clkspeed: 1200
      moduleVoltage: 1.20000005
    DIMM 2:
      manufacturer: Not Specified
      modulePartNo: Not Specified
      memType: Unknown
      size: 0
      clkspeed: 0
      moduleVoltage: 0
    DIMM 3:
      manufacturer: Not Specified
      modulePartNo: Not Specified
      memType: Unknown
      size: 0
      clkspeed: 0
      moduleVoltage: 0
    DIMM 4:
      manufacturer: Not Specified
      modulePartNo: Not Specified
      memType: Unknown
      size: 0
      clkspeed: 0
      moduleVoltage: 0
Checksum: 84B84811CBE80A225FA69EA9743BF760B817DAED