BaselineInfo:
  WebDBID: -1
  TimeStamp: 20241213102629
Version:
  Major: 11
  Minor: 0
  Build: 1002
  SpecialBuildName: ""
  ptArchitecture: x86_64_linux
Results:
  Results Complete: true
  NumTestProcesses: 1
  CPU_INTEGER_MATH: 4455.9884000000002
  CPU_FLOATINGPOINT_MATH: 3730.426180415262
  CPU_PRIME: 9.9937694603143346
  CPU_SORTING: 2757.9408913420166
  CPU_ENCRYPTION: 573.19998968184029
  CPU_COMPRESSION: 22649.328241140567
  CPU_SINGLETHREAD: 2295.7450725334661
  CPU_PHYSICS: 160.6870104024984
  CPU_MATRIX_MULT_SSE: 1676.177399867782
  CPU_mm: 213.04593721397734
  CPU_sse: 801.14066230349181
  CPU_fma: 2522.758967182479
  CPU_avx: 1704.6325701173753
  CPU_avx512: 0
  m_CPU_enc_SHA: 314272416.24036413
  m_CPU_enc_AES: 1213320211.0380843
  m_CPU_enc_ECDSA: 275538629.86342794
  ME_ALLOC_S: 0
  ME_READ_S: 0
  ME_READ_L: 0
  ME_WRITE: 0
  ME_LARGE: 0
  ME_LATENCY: 0
  ME_THREADED: 0
  SUMM_CPU: 1803.6394198895157
  SUMM_ME: 0
SystemInformation:
  OSName: Ubuntu 22.04.4 LTS
  Kernel: 5.15.0-125-generic
  Device: ""
  Processor: Intel Core i3-6100 CPU @ 3.70GHz
  NumSockets: 1
  Manufacturer: GenuineIntel
  NumCores: 2
  NumLogicals: 4
  CPUFrequency: 3700
  Memory: 7800
  MemModuleInfo:
    iNumMemSticks: 4
    DIMM 1:
      manufacturer: 802C0000802C
      modulePartNo: "8ATF1G64AZ-2G3H1    "
      memType: DDR4
      size: 8
      clkspeed: 1200
      moduleVoltage: 1.20000005
    DIMM 2:
      manufacturer: Not Specified
      modulePartNo: Not Specified
      memType: Unknown
      size: 0
      clkspeed: 0
      moduleVoltage: 0
    DIMM 3:
      manufacturer: Not Specified
      modulePartNo: Not Specified
      memType: Unknown
      size: 0
      clkspeed: 0
      moduleVoltage: 0
    DIMM 4:
      manufacturer: Not Specified
      modulePartNo: Not Specified
      memType: Unknown
      size: 0
      clkspeed: 0
      moduleVoltage: 0
Checksum: D085EAC105E7FF00793C2F8AE46209AB7591CDDE