BaselineInfo:
  WebDBID: -1
  TimeStamp: 20241209151145
Version:
  Major: 11
  Minor: 0
  Build: 1002
  SpecialBuildName: ""
  ptArchitecture: x86_64_linux
Results:
  Results Complete: true
  NumTestProcesses: 1
  CPU_INTEGER_MATH: 4409.0573999999997
  CPU_FLOATINGPOINT_MATH: 3643.3563776944657
  CPU_PRIME: 9.1990320853372616
  CPU_SORTING: 2667.1137491116765
  CPU_ENCRYPTION: 563.22230370679483
  CPU_COMPRESSION: 22167.666973003772
  CPU_SINGLETHREAD: 2218.2970165369147
  CPU_PHYSICS: 151.09478305251588
  CPU_MATRIX_MULT_SSE: 1636.7406435948362
  CPU_mm: 205.36759668985906
  CPU_sse: 791.60136636011782
  CPU_fma: 2456.3903259717422
  CPU_avx: 1662.230238452649
  CPU_avx512: 0
  m_CPU_enc_SHA: 304776454.92967623
  m_CPU_enc_AES: 1201540048.8382273
  m_CPU_enc_ECDSA: 265427667.22706473
  ME_ALLOC_S: 0
  ME_READ_S: 0
  ME_READ_L: 0
  ME_WRITE: 0
  ME_LARGE: 0
  ME_LATENCY: 0
  ME_THREADED: 0
  SUMM_CPU: 1759.3603629648094
  SUMM_ME: 0
SystemInformation:
  OSName: Ubuntu 22.04.4 LTS
  Kernel: 5.15.0-125-generic
  Device: ""
  Processor: Intel Core i3-6100 CPU @ 3.70GHz
  NumSockets: 1
  Manufacturer: GenuineIntel
  NumCores: 2
  NumLogicals: 4
  CPUFrequency: 3700
  Memory: 7800
  MemModuleInfo:
    iNumMemSticks: 4
    DIMM 1:
      manufacturer: 802C0000802C
      modulePartNo: "8ATF1G64AZ-2G3H1    "
      memType: DDR4
      size: 8
      clkspeed: 1200
      moduleVoltage: 1.20000005
    DIMM 2:
      manufacturer: Not Specified
      modulePartNo: Not Specified
      memType: Unknown
      size: 0
      clkspeed: 0
      moduleVoltage: 0
    DIMM 3:
      manufacturer: Not Specified
      modulePartNo: Not Specified
      memType: Unknown
      size: 0
      clkspeed: 0
      moduleVoltage: 0
    DIMM 4:
      manufacturer: Not Specified
      modulePartNo: Not Specified
      memType: Unknown
      size: 0
      clkspeed: 0
      moduleVoltage: 0
Checksum: 658C55EF7B302A818D98AF681B51F5C08ECAE2A2