BaselineInfo:
  WebDBID: -1
  TimeStamp: 20241213103353
Version:
  Major: 11
  Minor: 0
  Build: 1002
  SpecialBuildName: ""
  ptArchitecture: x86_64_linux
Results:
  Results Complete: true
  NumTestProcesses: 1
  CPU_INTEGER_MATH: 4454.5613000000003
  CPU_FLOATINGPOINT_MATH: 3730.3484264056051
  CPU_PRIME: 10.158861567252556
  CPU_SORTING: 2764.2356661927333
  CPU_ENCRYPTION: 572.82998000748864
  CPU_COMPRESSION: 22685.719354348421
  CPU_SINGLETHREAD: 2287.5284248204962
  CPU_PHYSICS: 161.41244004773034
  CPU_MATRIX_MULT_SSE: 1680.0851483873357
  CPU_mm: 213.48302212221665
  CPU_sse: 814.72794008992855
  CPU_fma: 2524.6045643794823
  CPU_avx: 1700.9229406925958
  CPU_avx512: 0
  m_CPU_enc_SHA: 314675167.82424086
  m_CPU_enc_AES: 1213543224.5689776
  m_CPU_enc_ECDSA: 273748914.95577848
  ME_ALLOC_S: 0
  ME_READ_S: 0
  ME_READ_L: 0
  ME_WRITE: 0
  ME_LARGE: 0
  ME_LATENCY: 0
  ME_THREADED: 0
  SUMM_CPU: 1806.0330468044826
  SUMM_ME: 0
SystemInformation:
  OSName: Ubuntu 22.04.4 LTS
  Kernel: 5.15.0-125-generic
  Device: ""
  Processor: Intel Core i3-6100 CPU @ 3.70GHz
  NumSockets: 1
  Manufacturer: GenuineIntel
  NumCores: 2
  NumLogicals: 4
  CPUFrequency: 3700
  Memory: 7800
  MemModuleInfo:
    iNumMemSticks: 4
    DIMM 1:
      manufacturer: 802C0000802C
      modulePartNo: "8ATF1G64AZ-2G3H1    "
      memType: DDR4
      size: 8
      clkspeed: 1200
      moduleVoltage: 1.20000005
    DIMM 2:
      manufacturer: Not Specified
      modulePartNo: Not Specified
      memType: Unknown
      size: 0
      clkspeed: 0
      moduleVoltage: 0
    DIMM 3:
      manufacturer: Not Specified
      modulePartNo: Not Specified
      memType: Unknown
      size: 0
      clkspeed: 0
      moduleVoltage: 0
    DIMM 4:
      manufacturer: Not Specified
      modulePartNo: Not Specified
      memType: Unknown
      size: 0
      clkspeed: 0
      moduleVoltage: 0
Checksum: 2C71FF77C6F3D42DBEBA847F3A08CDEC744ACD96