BaselineInfo:
  WebDBID: -1
  TimeStamp: 20241209145656
Version:
  Major: 11
  Minor: 0
  Build: 1002
  SpecialBuildName: ""
  ptArchitecture: x86_64_linux
Results:
  Results Complete: true
  NumTestProcesses: 1
  CPU_INTEGER_MATH: 4409.3343000000004
  CPU_FLOATINGPOINT_MATH: 3641.740838807737
  CPU_PRIME: 9.2701241253012938
  CPU_SORTING: 2672.8901214397379
  CPU_ENCRYPTION: 563.87940008611429
  CPU_COMPRESSION: 22000.622020778224
  CPU_SINGLETHREAD: 2204.7369376659694
  CPU_PHYSICS: 151.1298168731918
  CPU_MATRIX_MULT_SSE: 1632.2845131021343
  CPU_mm: 205.91225566579968
  CPU_sse: 790.48525480739715
  CPU_fma: 2457.4699309609341
  CPU_avx: 1648.8983535380717
  CPU_avx512: 0
  m_CPU_enc_SHA: 304406580.74703097
  m_CPU_enc_AES: 1201301706.727844
  m_CPU_enc_ECDSA: 268102929.99921703
  ME_ALLOC_S: 0
  ME_READ_S: 0
  ME_READ_L: 0
  ME_WRITE: 0
  ME_LARGE: 0
  ME_LATENCY: 0
  ME_THREADED: 0
  SUMM_CPU: 1758.1969346508554
  SUMM_ME: 0
SystemInformation:
  OSName: Ubuntu 22.04.4 LTS
  Kernel: 5.15.0-125-generic
  Device: ""
  Processor: Intel Core i3-6100 CPU @ 3.70GHz
  NumSockets: 1
  Manufacturer: GenuineIntel
  NumCores: 2
  NumLogicals: 4
  CPUFrequency: 3700
  Memory: 7800
  MemModuleInfo:
    iNumMemSticks: 4
    DIMM 1:
      manufacturer: 802C0000802C
      modulePartNo: "8ATF1G64AZ-2G3H1    "
      memType: DDR4
      size: 8
      clkspeed: 1200
      moduleVoltage: 1.20000005
    DIMM 2:
      manufacturer: Not Specified
      modulePartNo: Not Specified
      memType: Unknown
      size: 0
      clkspeed: 0
      moduleVoltage: 0
    DIMM 3:
      manufacturer: Not Specified
      modulePartNo: Not Specified
      memType: Unknown
      size: 0
      clkspeed: 0
      moduleVoltage: 0
    DIMM 4:
      manufacturer: Not Specified
      modulePartNo: Not Specified
      memType: Unknown
      size: 0
      clkspeed: 0
      moduleVoltage: 0
Checksum: 60F813A56339101F26DB9AD9A149192D30E8E32A