BaselineInfo:
  WebDBID: -1
  TimeStamp: 20241209155955
Version:
  Major: 11
  Minor: 0
  Build: 1002
  SpecialBuildName: ""
  ptArchitecture: x86_64_linux
Results:
  Results Complete: true
  NumTestProcesses: 1
  CPU_INTEGER_MATH: 4409.4549999999999
  CPU_FLOATINGPOINT_MATH: 3643.9747220927152
  CPU_PRIME: 9.3258930811740868
  CPU_SORTING: 2673.2622790039859
  CPU_ENCRYPTION: 563.39202762185107
  CPU_COMPRESSION: 22197.150309289646
  CPU_SINGLETHREAD: 2232.5293206382385
  CPU_PHYSICS: 151.23732251484896
  CPU_MATRIX_MULT_SSE: 1633.5644708077571
  CPU_mm: 206.3605735742552
  CPU_sse: 782.63674810517978
  CPU_fma: 2453.7726851108491
  CPU_avx: 1664.2839792072421
  CPU_avx512: 0
  m_CPU_enc_SHA: 304270708.14934826
  m_CPU_enc_AES: 1200710452.5686076
  m_CPU_enc_ECDSA: 267296915.54887435
  ME_ALLOC_S: 0
  ME_READ_S: 0
  ME_READ_L: 0
  ME_WRITE: 0
  ME_LARGE: 0
  ME_LATENCY: 0
  ME_THREADED: 0
  SUMM_CPU: 1761.2785597054158
  SUMM_ME: 0
SystemInformation:
  OSName: Ubuntu 22.04.4 LTS
  Kernel: 5.15.0-125-generic
  Device: ""
  Processor: Intel Core i3-6100 CPU @ 3.70GHz
  NumSockets: 1
  Manufacturer: GenuineIntel
  NumCores: 2
  NumLogicals: 4
  CPUFrequency: 3700
  Memory: 7800
  MemModuleInfo:
    iNumMemSticks: 4
    DIMM 1:
      manufacturer: 802C0000802C
      modulePartNo: "8ATF1G64AZ-2G3H1    "
      memType: DDR4
      size: 8
      clkspeed: 1200
      moduleVoltage: 1.20000005
    DIMM 2:
      manufacturer: Not Specified
      modulePartNo: Not Specified
      memType: Unknown
      size: 0
      clkspeed: 0
      moduleVoltage: 0
    DIMM 3:
      manufacturer: Not Specified
      modulePartNo: Not Specified
      memType: Unknown
      size: 0
      clkspeed: 0
      moduleVoltage: 0
    DIMM 4:
      manufacturer: Not Specified
      modulePartNo: Not Specified
      memType: Unknown
      size: 0
      clkspeed: 0
      moduleVoltage: 0
Checksum: 58D387BECDED682EE16F3CAE1129DD65DC9D9D58