BaselineInfo:
  WebDBID: -1
  TimeStamp: 20241209151527
Version:
  Major: 11
  Minor: 0
  Build: 1002
  SpecialBuildName: ""
  ptArchitecture: x86_64_linux
Results:
  Results Complete: true
  NumTestProcesses: 1
  CPU_INTEGER_MATH: 4409.7673999999997
  CPU_FLOATINGPOINT_MATH: 3645.6965817715168
  CPU_PRIME: 9.1395849067047159
  CPU_SORTING: 2667.8106918415474
  CPU_ENCRYPTION: 563.49619751141006
  CPU_COMPRESSION: 22033.586416565169
  CPU_SINGLETHREAD: 2217.3367060654318
  CPU_PHYSICS: 151.68226982257212
  CPU_MATRIX_MULT_SSE: 1607.6400243143271
  CPU_mm: 205.32654493279273
  CPU_sse: 791.47747150618034
  CPU_fma: 2450.3024656957655
  CPU_avx: 1581.1401357410352
  CPU_avx512: 0
  m_CPU_enc_SHA: 304515695.85783809
  m_CPU_enc_AES: 1201582242.0476191
  m_CPU_enc_ECDSA: 266507828.49971548
  ME_ALLOC_S: 0
  ME_READ_S: 0
  ME_READ_L: 0
  ME_WRITE: 0
  ME_LARGE: 0
  ME_LATENCY: 0
  ME_THREADED: 0
  SUMM_CPU: 1754.9336810156931
  SUMM_ME: 0
SystemInformation:
  OSName: Ubuntu 22.04.4 LTS
  Kernel: 5.15.0-125-generic
  Device: ""
  Processor: Intel Core i3-6100 CPU @ 3.70GHz
  NumSockets: 1
  Manufacturer: GenuineIntel
  NumCores: 2
  NumLogicals: 4
  CPUFrequency: 3700
  Memory: 7800
  MemModuleInfo:
    iNumMemSticks: 4
    DIMM 1:
      manufacturer: 802C0000802C
      modulePartNo: "8ATF1G64AZ-2G3H1    "
      memType: DDR4
      size: 8
      clkspeed: 1200
      moduleVoltage: 1.20000005
    DIMM 2:
      manufacturer: Not Specified
      modulePartNo: Not Specified
      memType: Unknown
      size: 0
      clkspeed: 0
      moduleVoltage: 0
    DIMM 3:
      manufacturer: Not Specified
      modulePartNo: Not Specified
      memType: Unknown
      size: 0
      clkspeed: 0
      moduleVoltage: 0
    DIMM 4:
      manufacturer: Not Specified
      modulePartNo: Not Specified
      memType: Unknown
      size: 0
      clkspeed: 0
      moduleVoltage: 0
Checksum: 6EB0F358E7D7C9EC5C7BE1A811EE6B6C3809339A