BaselineInfo:
  WebDBID: -1
  TimeStamp: 20241209143825
Version:
  Major: 11
  Minor: 0
  Build: 1002
  SpecialBuildName: ""
  ptArchitecture: x86_64_linux
Results:
  Results Complete: true
  NumTestProcesses: 1
  CPU_INTEGER_MATH: 4408.7094999999999
  CPU_FLOATINGPOINT_MATH: 3635.7161994546423
  CPU_PRIME: 9.3816200557033724
  CPU_SORTING: 2672.7154714608791
  CPU_ENCRYPTION: 563.72739029316472
  CPU_COMPRESSION: 22131.656331425405
  CPU_SINGLETHREAD: 2192.6827541503644
  CPU_PHYSICS: 151.54971499458256
  CPU_MATRIX_MULT_SSE: 1629.1598489975649
  CPU_mm: 205.95903371839825
  CPU_sse: 777.50549120678124
  CPU_fma: 2452.4909158134933
  CPU_avx: 1657.4831399724203
  CPU_avx512: 0
  m_CPU_enc_SHA: 304938200.54890251
  m_CPU_enc_AES: 1201124206.1199639
  m_CPU_enc_ECDSA: 267270629.34327015
  ME_ALLOC_S: 0
  ME_READ_S: 0
  ME_READ_L: 0
  ME_WRITE: 0
  ME_LARGE: 0
  ME_LATENCY: 0
  ME_THREADED: 0
  SUMM_CPU: 1759.9670961106992
  SUMM_ME: 0
SystemInformation:
  OSName: Ubuntu 22.04.4 LTS
  Kernel: 5.15.0-125-generic
  Device: ""
  Processor: Intel Core i3-6100 CPU @ 3.70GHz
  NumSockets: 1
  Manufacturer: GenuineIntel
  NumCores: 2
  NumLogicals: 4
  CPUFrequency: 3700
  Memory: 7800
  MemModuleInfo:
    iNumMemSticks: 4
    DIMM 1:
      manufacturer: 802C0000802C
      modulePartNo: "8ATF1G64AZ-2G3H1    "
      memType: DDR4
      size: 8
      clkspeed: 1200
      moduleVoltage: 1.20000005
    DIMM 2:
      manufacturer: Not Specified
      modulePartNo: Not Specified
      memType: Unknown
      size: 0
      clkspeed: 0
      moduleVoltage: 0
    DIMM 3:
      manufacturer: Not Specified
      modulePartNo: Not Specified
      memType: Unknown
      size: 0
      clkspeed: 0
      moduleVoltage: 0
    DIMM 4:
      manufacturer: Not Specified
      modulePartNo: Not Specified
      memType: Unknown
      size: 0
      clkspeed: 0
      moduleVoltage: 0
Checksum: A97A0FAC4EDEB83A5364C6823D9F9CFB7A947C0D