BaselineInfo:
  WebDBID: -1
  TimeStamp: 20241213095312
Version:
  Major: 11
  Minor: 0
  Build: 1002
  SpecialBuildName: ""
  ptArchitecture: x86_64_linux
Results:
  Results Complete: true
  NumTestProcesses: 1
  CPU_INTEGER_MATH: 4453.7305999999999
  CPU_FLOATINGPOINT_MATH: 3728.9579988919704
  CPU_PRIME: 9.9033717056767188
  CPU_SORTING: 2762.0069297141449
  CPU_ENCRYPTION: 573.78370797643424
  CPU_COMPRESSION: 22563.583481500285
  CPU_SINGLETHREAD: 2293.0187141728579
  CPU_PHYSICS: 161.66967841608994
  CPU_MATRIX_MULT_SSE: 1669.9420501755885
  CPU_mm: 213.04690229804061
  CPU_sse: 808.00767833538066
  CPU_fma: 2526.7188135791812
  CPU_avx: 1675.0996586122042
  CPU_avx512: 0
  m_CPU_enc_SHA: 313941265.31215101
  m_CPU_enc_AES: 1213991515.6139493
  m_CPU_enc_ECDSA: 277034695.19919235
  ME_ALLOC_S: 0
  ME_READ_S: 0
  ME_READ_L: 0
  ME_WRITE: 0
  ME_LARGE: 0
  ME_LATENCY: 0
  ME_THREADED: 0
  SUMM_CPU: 1802.2016248280117
  SUMM_ME: 0
SystemInformation:
  OSName: Ubuntu 22.04.4 LTS
  Kernel: 5.15.0-125-generic
  Device: ""
  Processor: Intel Core i3-6100 CPU @ 3.70GHz
  NumSockets: 1
  Manufacturer: GenuineIntel
  NumCores: 2
  NumLogicals: 4
  CPUFrequency: 3700
  Memory: 7800
  MemModuleInfo:
    iNumMemSticks: 4
    DIMM 1:
      manufacturer: 802C0000802C
      modulePartNo: "8ATF1G64AZ-2G3H1    "
      memType: DDR4
      size: 8
      clkspeed: 1200
      moduleVoltage: 1.20000005
    DIMM 2:
      manufacturer: Not Specified
      modulePartNo: Not Specified
      memType: Unknown
      size: 0
      clkspeed: 0
      moduleVoltage: 0
    DIMM 3:
      manufacturer: Not Specified
      modulePartNo: Not Specified
      memType: Unknown
      size: 0
      clkspeed: 0
      moduleVoltage: 0
    DIMM 4:
      manufacturer: Not Specified
      modulePartNo: Not Specified
      memType: Unknown
      size: 0
      clkspeed: 0
      moduleVoltage: 0
Checksum: 7ECDAF1E2EA761FFDE83B07688143E55E7B43C16